wavl,flux,ivar
3566.9744,8.468620219669683,10.606536375558107
3567.795,8.41048621009952,16.46801981548534
3568.6177,8.339218578449307,16.28826018456392
3569.4385,8.269760207860493,9.660140050971666
3570.2617,8.220488969644226,19.263000933465968
3571.083,8.202850755333245,14.337664252845626
3571.9065,8.214496561915444,12.939510449314161
3572.7283,8.242712213818468,12.220626831642262
3573.55,8.273865013344963,12.300558251248882
3574.374,8.302064776210775,12.477458322991117
3575.1963,8.330089089751363,19.049897223795103
3576.0208,8.363932218748173,10.423978301442688
3576.8435,8.405944676489804,10.43056953261136
3577.6682,8.454005003426778,15.952483053778323
3578.4915,8.502435552169404,14.716677785027148
3579.3145,8.543658786939385,14.057197023238498
3580.14,8.568779497225579,17.100824349646725
3580.9636,8.570785014215826,10.387234044898381
3581.7893,8.54982570083194,11.689142054674743
3582.6133,8.514606015195668,21.34902837275446
3583.4395,8.477675580665295,12.47419051615991
3584.264,8.448857943744931,13.42530770026693
3585.0884,8.429622128794085,12.3216345699059
3585.915,8.412872423426677,11.558513676432142
3586.74,8.387265122581121,10.61645397487292
3587.5671,8.34467348784803,17.56284062778656
3588.3923,8.288218959735655,15.238824214917049
3589.22,8.232509080982116,14.956444163846523
3590.0457,8.19615439159475,14.62004561589851
3590.8716,8.187571356143422,18.807203490587693
3591.6995,8.199015649872626,16.051060866080434
3592.526,8.213075397185134,14.424126413798248
3593.3542,8.217329364122579,13.045495335064084
3594.181,8.212372102599053,15.433814453431308
3595.0098,8.206361388547403,13.659072943819895
3595.8367,8.203121457056586,11.435863689148714
3596.6638,8.196846301231307,16.148599730310828
3597.4934,8.178045971216052,13.70043471220504
3598.3208,8.143876821342351,17.586383202828955
3599.1506,8.102752418994557,13.416358886814068
3599.9788,8.071639443268872,12.921716250071105
3600.8088,8.066149242539712,16.901079622076967
3601.6372,8.091012789312556,23.430384344373678
3602.4678,8.13577560480404,17.663629469117527
3603.2964,8.180143012556838,21.262400706098283
3604.1252,8.207111132999275,8.476756484400216
3604.9565,8.211654967768538,19.265287363289424
3605.786,8.199753030835852,12.242067418686574
3606.6172,8.180303946428953,15.112171136237038
3607.447,8.158764180266227,16.891679607651568
3608.2788,8.136185418476387,14.755427616694593
3609.109,8.112205342451448,13.096680646015459
3609.9392,8.087205858496842,12.59873494499365
3610.7717,8.063613619545277,15.998540554776053
3611.6023,8.045627692594907,16.02631280497102
3612.435,8.036601300609759,15.154752967375646
3613.266,8.03658462103986,22.523731999206806
3614.0994,8.041369439155146,16.485127447880945
3614.9307,8.044807295080032,14.448986598645885
3615.7625,8.04236802707737,13.337142869673452
3616.5962,8.033086065493052,12.284452339600113
3617.4282,8.019216471964539,11.864883132586664
3618.2625,8.004337462859533,14.948170057207403
3619.0947,7.9926578849492795,15.130555575773391
3619.9292,7.988937595463355,13.311593985828535
3620.762,7.997648239830545,12.977444491031251
3621.595,8.019417367174876,14.587587861644177
3622.4302,8.048390526008028,17.23574183403206
3623.2634,8.074003031688358,12.496163591266875
3624.0989,8.087433020929831,16.56015075226063
3624.9326,8.085406377628466,15.436154068313655
3625.7686,8.069543545805914,13.775010360476749
3626.6028,8.042923393515757,19.1422164664687
3627.437,8.007989383760862,19.959391444103627
3628.2734,7.967128660377638,20.31044877818257
3629.1082,7.924420616428191,14.368181243738706
3629.945,7.885310094559794,12.567939788886115
3630.78,7.856318980918378,17.724669383628413
3631.6174,7.842942455828144,15.998652314094809
3632.453,7.849599103992906,21.074421731587428
3633.2883,7.879083258940431,16.3830077918356
3634.1262,7.931088136279408,15.505372238857193
3634.9622,7.997855207154887,18.038691219002537
3635.8005,8.06383528416855,13.766899174082244
3636.637,8.109871663397156,14.120297559068284
3637.4756,8.124458488914946,14.545666637974493
3638.3123,8.109352915851325,17.48451802133237
3639.1492,8.077315754348403,15.425677698456335
3639.9885,8.043379737552222,16.88888362138175
3640.826,8.017934735638939,17.001197584881883
3641.6653,8.003273929468326,18.344622918806625
3642.5032,7.9953418093860815,16.172118799937476
3643.343,7.987973547646053,20.4591131459152
3644.1812,7.9790730389270585,11.738596054968879
3645.0195,7.973592795470927,19.08775770021199
3645.86,7.979951014823067,18.801673410680962
3646.699,8.001589205637421,18.3451376871794
3647.5398,8.031937666672802,23.4902009095456
3648.379,8.057770948993438,13.3791180467761
3649.2202,8.069097197224949,16.15479675968766
3650.0596,8.065486614084262,13.704529406042498
3650.8994,8.054607734568062,15.730404504299578
3651.7412,8.044478138529147,15.362308465426956
3652.5813,8.037556327327117,11.49311785214754
3653.4236,8.031122812373892,23.089925409395107
3654.2642,8.022297157001923,13.09318110117327
3655.1067,8.010976872117155,14.284178994217037
3655.9475,7.998728394307954,15.664580529019718
3656.7886,7.986060577158199,16.508629869903082
3657.6318,7.97230401236287,14.342769010244288
3658.4734,7.957989859547004,11.062350479737106
3659.317,7.946652233335058,14.566153245117677
3660.1587,7.944061501725835,15.382417506358115
3661.003,7.953673914482129,17.273913061516332
3661.845,7.971838824976296,14.962912138123244
3662.6875,7.987644382382637,14.127846543864678
3663.532,7.988812616679958,16.880622267337394
3664.3748,7.9701112587752965,12.801604315580333
3665.2197,7.937260238288176,13.869472675891487
3666.063,7.903476277326672,24.047123193908256
3666.9084,7.880473963903914,16.496861637248458
3667.752,7.872255351701903,15.699652428243999
3668.5977,7.874500103990745,17.69182362061795
3669.4417,7.879765647651005,15.74896471015375
3670.286,7.882006298228637,17.200452134839924
3671.132,7.87707054206374,11.789112250938514
3671.9768,7.861487654361376,11.094893291695316
3672.8235,7.833192316380488,12.079425535951396
3673.6685,7.794301966770073,20.84379783007077
3674.5156,7.750923674879716,18.90565031251529
3675.3608,7.710595156031582,15.426934339801617
3676.2063,7.678003879989053,16.303938637470463
3677.0542,7.654921889962314,19.5899037918697
3677.9,7.642561950032463,13.528825077108745
3678.748,7.642798137749966,16.536823575133564
3679.5945,7.656941890360557,20.122234687648874
3680.4429,7.682685262365616,17.14069644670018
3681.2896,7.713101679693176,12.815313471798476
3682.1365,7.740087762993742,18.26274645927644
3682.9856,7.758810325079557,14.375763725690556
3683.8328,7.769860332548253,16.098220271356915
3684.6824,7.77757522839093,15.188808290810986
3685.53,7.785215984282323,13.22765015433116
3686.38,7.791511326790437,14.961704642934166
3687.2278,7.7904392663753015,15.126037744472056
3688.0762,7.7750413738564745,25.916688655553408
3688.9265,7.7426441971111855,15.05877453901796
3689.7751,7.698700970442604,18.86939632704672
3690.626,7.654692927036791,15.30855002608458
3691.475,7.622529611654756,22.539305028615594
3692.3264,7.607585090240893,15.907254745661144
3693.1758,7.607644672217383,15.697752257253615
3694.0254,7.6155049346442665,16.243979168664122
3694.8772,7.622846383974923,17.943492989904506
3695.7273,7.622606795488315,18.070257409160693
3696.5793,7.611271504667245,14.851329838798911
3697.43,7.590950517600673,16.714503619890213
3698.2825,7.568942116223332,13.245806751088884
3699.1333,7.553811975313769,16.716063882988724
3699.9841,7.5493102414781585,19.84849923873824
3700.8374,7.552200029490741,22.160889986317642
3701.6887,7.555752332741554,16.885707842485292
3702.5425,7.5562010367323404,16.075883471807078
3703.3943,7.555709926742418,17.430482307189443
3704.2483,7.559312320007749,14.356228790768746
3705.1003,7.569397998385974,15.612872690945672
3705.9526,7.583387613620748,17.960007394569008
3706.8074,7.595700136410917,13.662267965508628
3707.66,7.601048867759155,18.718242264522253
3708.515,7.597133648289948,15.850761701420943
3709.3682,7.585818620645713,17.94988382794792
3710.2234,7.5724335485794105,18.352478605930564
3711.0771,7.562059962244238,20.779470544547817
3711.9307,7.554361656636122,19.605299765571143
3712.7866,7.5427350755355835,15.268207971476295
3713.6409,7.519677652794134,19.82395192196836
3714.4973,7.48340842219581,20.299743433874465
3715.3518,7.44042664788452,22.241565285462574
3716.2085,7.40083041917424,15.163718404183799
3717.0635,7.372899474889528,22.60691798978949
3717.9185,7.359050927082112,18.193355984098524
3718.776,7.35711480169691,14.647339836227973
3719.6313,7.363152921928016,16.82001182226916
3720.489,7.372845217435889,17.216994505077718
3721.345,7.380519410291941,18.266252925410452
3722.2031,7.3791958998177245,14.810288055687504
3723.0593,7.364134026034056,12.314417336701519
3723.9158,7.337780997961242,16.00404484619417
3724.7747,7.310192690101462,20.883780377709545
3725.6316,7.293444337872152,16.94186931184252
3726.4905,7.293704939593635,22.34810858216719
3727.348,7.308739972585327,19.71197692242439
3728.2073,7.330949295725155,17.510371836351744
3729.065,7.352314268687878,17.550223108086712
3729.9229,7.367978827246263,18.403356351262445
3730.783,7.376422155143775,17.621678146062454
3731.6414,7.378107275957763,18.74436170090605
3732.5017,7.374137296024564,15.920143517186446
3733.3604,7.365356154775918,18.997490448310153
3734.2214,7.351905838283347,21.80502404080432
3735.0803,7.333736697741498,16.08801216822949
3735.9417,7.311828790687422,21.318413692797026
3736.8013,7.2903782784428115,19.011072563563783
3737.661,7.2762216595770735,18.32647303325105
3738.5227,7.275470178469533,15.665946380536036
3739.3828,7.288545625042594,16.324573909023655
3740.245,7.308392618035887,17.859633324016325
3741.1055,7.3242875687425935,16.839254430701118
3741.9683,7.329236542471502,20.227962143645613
3742.829,7.323671649869436,25.37022901913248
3743.69,7.3129311235109045,16.251501197671107
3744.5532,7.301097180339337,19.911136856425426
3745.4148,7.287579742391865,24.44122460227555
3746.2786,7.26829336369338,20.594915441307055
3747.1404,7.240204559975418,21.15838593656651
3748.0044,7.204382504170179,20.701642739745274
3748.8667,7.166975765749478,24.3284096856724
3749.729,7.136274884807439,22.65893589814754
3750.5938,7.119428682570029,18.833908850302095
3751.4565,7.119857235204037,17.334505272661687
3752.3215,7.136332473207552,20.126451749336734
3753.1848,7.164067325184263,19.53208114396406
3754.0503,7.1963539637905125,20.640430812838616
3754.9138,7.224635159561461,22.02675697555309
3755.7776,7.23940822220098,18.71654774152063
3756.6438,7.232377472314048,16.063062711076057
3757.508,7.2016238719130845,16.081557095197084
3758.3745,7.154809336081819,20.74787919941076
3759.239,7.107065066593566,20.104350336736157
3760.106,7.0722037671440345,18.17023066446261
3760.971,7.05598118540989,16.24836162887605
3761.8362,7.053798115755682,21.017315632150048
3762.7036,7.055347393165289,19.617567285716675
3763.5693,7.050451618097908,23.300809038757034
3764.437,7.033175163308576,17.428250486148425
3765.3032,7.00331869134639,18.20147362741082
3766.1714,6.965043878974117,19.959702435590675
3767.0378,6.924280723200924,15.961431699788363
3767.9043,6.885026731067256,22.60738527168305
3768.7732,6.84872874216727,19.916099260397484
3769.6401,6.816591505789158,27.046804491472
3770.5095,6.791425452479291,16.232465599641042
3771.377,6.778620635172254,20.51327170516553
3772.2466,6.783413627419268,17.55911490363876
3773.1145,6.807519603877631,21.422979526514055
3773.9824,6.846435608759913,14.678928070351281
3774.8528,6.890079557487885,18.385955049768743
3775.721,6.926705518448326,20.644565814638458
3776.5918,6.949746296299296,24.150375866531768
3777.4604,6.960478995523426,19.262362164500555
3778.3315,6.966775459042101,17.68570620236302
3779.201,6.977317398036897,22.42244789356064
3780.0703,6.996398762410945,21.739676560602057
3780.942,7.021626390322174,16.49244068093666
3781.8118,7.045154197133899,18.414545724973745
3782.6838,7.05827539213091,16.087015356066537
3783.554,7.055613400946194,21.267677326708334
3784.4265,7.037374188438086,20.95454953928316
3785.297,7.007872027429582,16.897687069943768
3786.168,6.971643480256825,21.540614853755784
3787.041,6.9309406777819085,18.578236378864208
3787.912,6.886785953455935,18.149661213315454
3788.7856,6.840932718977764,17.535417909249556
3789.6572,6.797660068895916,18.6270659883741
3790.531,6.760349551326313,22.352099784077353
3791.403,6.728637397300627,19.608971868558296
3792.2754,6.696842617872411,24.438406711130963
3793.15,6.657206452328336,23.227663174200956
3794.0225,6.605343324444727,20.70600505131581
3794.8972,6.543657545569903,24.360783181568674
3795.7703,6.48249980909121,24.04121813404909
3796.6455,6.4347651207799155,20.921412101893207
3797.519,6.410478260136268,24.435279690870217
3798.3926,6.411925845832322,27.857835163318775
3799.2686,6.4347100355849935,21.08163067260231
3800.1426,6.4711197463720405,25.653682979869316
3801.0188,6.514662576988521,23.21313138298966
3801.8933,6.561608870574569,21.084678425354273
3802.77,6.611217173014557,17.55118130295503
3803.6448,6.662479430734203,20.16783683968321
3804.522,6.713038322643604,17.084400735594468
3805.3972,6.758981445823374,18.97385445954423
3806.2727,6.7989482890788775,18.639595265990902
3807.1504,6.835621513848975,21.101438119418148
3808.0261,6.8729767061648355,24.702386258601063
3808.9043,6.9116283855580125,20.251440016072248
3809.7805,6.945789022755663,18.75292886746898
3810.659,6.967940546692933,20.312473850326807
3811.5356,6.975165366589995,21.75060692587671
3812.4126,6.9726261139438614,22.032291233523832
3813.2917,6.969364698813531,12.48312031849914
3814.169,6.971093442310255,27.973209670943124
3815.0483,6.976190667207796,18.484267724472385
3815.926,6.97805934007143,23.1705860173639
3816.806,6.97089480811768,21.993073554186868
3817.684,6.9538887354480465,16.640703843528765
3818.5623,6.931352928537459,19.48768954445864
3819.4429,6.909511132738979,22.742180716659064
3820.3215,6.892338029531177,18.697298409720606
3821.2024,6.878408308866445,17.29256112098785
3822.0815,6.862087701030335,15.426957896916294
3822.963,6.836821787732965,25.22798663347678
3823.8423,6.798880974730708,22.66999950503213
3824.722,6.748305806925621,19.98392539799745
3825.604,6.688495068122151,18.77524045088181
3826.4841,6.624857003430689,23.825781909928313
3827.3665,6.56056375258739,21.72981409076756
3828.2468,6.494991883297599,23.25883761231622
3829.1296,6.4228458082746,24.633489656860018
3830.0105,6.3392009249504575,27.235704487435093
3830.8916,6.242216773353291,20.13598949199931
3831.7751,6.134604954676425,28.39013103445733
3832.6565,6.0229979814876895,23.650488120991756
3833.5403,5.914405728547085,26.31799428043653
3834.4224,5.818203845824069,28.324980625093268
3835.3064,5.743465949680226,27.467635892507253
3836.1887,5.697458661838982,28.382558760466885
3837.0713,5.681083509884706,39.29120316642629
3837.956,5.690322511381752,28.43348186813432
3838.839,5.721101321337615,30.222673485210166
3839.7244,5.773627496673237,39.49318923746695
3840.6077,5.849446785536814,27.64164983333823
3841.4932,5.9460504080161085,32.65276924076712
3842.377,6.052739603599733,24.146140421305454
3843.261,6.156122432760846,31.567938244134975
3844.1472,6.246207277253635,23.634997340030523
3845.0315,6.319881889330182,21.541252083608068
3845.9182,6.382490087730485,20.552833282650308
3846.803,6.443743757820537,24.252415072266544
3847.69,6.514171336942727,22.13373176105396
3848.5752,6.598071458798624,24.530945792205163
3849.4604,6.691654204011519,17.275000704228233
3850.3481,6.7857089455181585,19.562378106073048
3851.234,6.871261535460829,20.449053962975995
3852.122,6.945402582597747,21.330167256875445
3853.0083,7.0084821324500615,17.824265148709387
3853.8967,7.061982055485129,18.270838445900335
3854.7832,7.106118456657596,21.401908149331387
3855.6702,7.1428546790698695,19.34816149106817
3856.559,7.176884963786926,17.681393385803005
3857.4463,7.212855321307363,20.045678536861793
3858.336,7.250566578620402,26.404078070843184
3859.2234,7.282328346414576,21.095600905859122
3860.1135,7.298429932141506,13.954932980216347
3861.0015,7.294180963999341,20.735689465625182
3861.8896,7.273412509192552,16.702871780532682
3862.7803,7.244535060621244,20.417722299420895
3863.6687,7.21520929262962,18.37590366413268
3864.5598,7.189205147063477,18.274540408134193
3865.4487,7.167807301124878,19.34552185586846
3866.34,7.1505983543893645,15.825009924640947
3867.2297,7.136164015061393,16.262603561183166
3868.1213,7.121585695782791,25.079390499427863
3869.0112,7.102982386880036,19.93570287677724
3869.9014,7.07586711414601,21.198621383830808
3870.7937,7.035664856785802,20.996216231280915
3871.684,6.978550516338602,22.042930849070316
3872.577,6.90131335986731,18.331753698965315
3873.4678,6.803389944766069,20.097440100924572
3874.361,6.6862427792406764,18.860150183117554
3875.2524,6.555673790785937,17.76921989110528
3876.1438,6.4191151859417195,25.24173608635157
3877.0376,6.284007102138774,20.38308372235522
3877.9297,6.156243519004423,23.433594614738276
3878.8237,6.036662466472247,28.751902749738377
3879.716,5.9239443748539005,25.943263727591784
3880.6108,5.814509362507776,30.46206548769938
3881.5037,5.706249766005851,30.362651538171306
3882.3965,5.597170437909394,38.48896762553135
3883.2917,5.485413788174231,54.77646037170395
3884.185,5.3693577595533934,33.75539833868932
3885.0808,5.246325901338576,32.825749263078
3885.9746,5.117525348579726,32.941212551714955
3886.8706,4.988259076908213,38.90390816623149
3887.765,4.870288184937899,37.56962404710506
3888.6592,4.777213433829993,47.25992165976367
3889.556,4.721940746552453,55.03076477375322
3890.4507,4.713686673766325,46.92020564296077
3891.348,4.7545519933721785,56.58143888154982
3892.243,4.838535217589536,48.854162988878
3893.1406,4.954448880533178,51.17753760040238
3894.0361,5.08879737738671,43.53290088493468
3894.932,5.231630034595458,37.36058870096556
3895.83,5.3765502190704755,38.38978960366219
3896.7263,5.518380097065273,31.230697079894878
3897.625,5.65463981995003,27.435516789021808
3898.5215,5.782738293258315,27.82126104510503
3899.4207,5.903055970446136,26.34526141910713
3900.3176,6.0163865211072425,30.08307405860678
3901.2148,6.125976527307442,26.555649706199564
3902.1145,6.235030645644889,20.18847379108547
3903.0122,6.343833849874495,29.583446313650075
3903.912,6.450789034467457,21.89178717344776
3904.8103,6.552137964396685,30.985381004524168
3905.7107,6.6460715786776,26.136940342962575
3906.6094,6.731283675345604,23.15351988160493
3907.508,6.807411895119815,20.478515473401153
3908.409,6.874700362816432,23.023158196824994
3909.308,6.935373087436779,20.05211148181623
3910.2097,6.9952471725753025,21.737325431291485
3911.1091,7.060100102981043,24.65123459367028
3912.011,7.133012565899124,19.49923449617306
3912.9111,7.210910136466343,20.614951224573385
3913.8113,7.28731165803316,19.78615638136382
3914.7136,7.356300381970009,15.724497497474696
3915.6143,7.415781551872958,17.19139501200615
3916.517,7.468585759464811,18.420217931753832
3917.4182,7.5184047854420495,14.611170525110388
3918.3215,7.568141501216663,16.733727179710918
3919.223,7.618746605510938,19.23809207974729
3920.1245,7.670746799266092,15.926455734449696
3921.0286,7.723985957788714,16.551379120870575
3921.9307,7.776915461849529,16.646240583599923
3922.835,7.827607120944756,14.732854718749406
3923.7373,7.873315504684651,16.035597943489226
3924.642,7.911842195571469,13.04957192941741
3925.5452,7.940791381362935,15.974108280206883
3926.448,7.958232761582565,14.234276408905647
3927.3535,7.963021829662331,14.921746595747807
3928.257,7.956278150194151,17.370678449512415
3929.1628,7.94238973986773,13.041737512695718
3930.0667,7.928156495755599,12.174963977252268
3930.9731,7.920169401260553,13.293401041449172
3931.8774,7.922552470893153,15.402368437123846
3932.782,7.935178236308318,20.852718719028115
3933.6887,7.953366779814789,17.062099028165424
3934.5938,7.968952300683949,13.591355736387232
3935.501,7.973705148803227,17.35557242112901
3936.4062,7.962411489917862,15.027566931836171
3937.3142,7.933525647260544,17.78091321728221
3938.22,7.887401292725041,17.089455983538542
3939.128,7.823949476433629,16.927260247869032
3940.0342,7.744091451864025,13.504562121377687
3940.9407,7.650474152839624,15.665593430670564
3941.8494,7.548022344174668,17.967911167055018
3942.756,7.443381589966956,22.252846134416227
3943.6653,7.341260930451371,16.425441040315995
3944.5725,7.244623691701809,16.484179882162103
3945.4822,7.152137196606988,16.990812938735274
3946.39,7.061499403976358,18.93595139595125
3947.2979,6.97083429922852,20.022906929846332
3948.208,6.881466874628517,21.628789346267823
3949.1162,6.797259149020048,20.01105659383302
3950.0269,6.719192602592907,19.699528280603868
3950.9355,6.643827447003304,19.793667254750392
3951.8467,6.562835310558114,20.755851903624684
3952.7559,6.469269579056834,24.805503601545613
3953.665,6.360671489247448,26.868101266767052
3954.577,6.240245331548064,24.191601981488517
3955.4866,6.115454737233906,24.957684160123648
3956.3987,5.992066054306315,25.715984048390983
3957.3088,5.874112392817411,28.884997702029754
3958.2214,5.760987270586381,28.83575889376413
3959.132,5.650683192591406,30.85251898005822
3960.0427,5.539308467243201,29.474041575337107
3960.956,5.422935340224647,30.87763840349811
3961.8672,5.299587699109794,34.016418869978494
3962.7808,5.167985013013182,37.901905321852254
3963.6924,5.0307460984850385,37.35339180215883
3964.6064,4.891354102221915,44.35276722657026
3965.5186,4.754575797516985,47.141133536082606
3966.4307,4.621481587299359,51.67700529409409
3967.3455,4.489851381111637,46.53496220141678
3968.258,4.358846289274846,52.730465955078515
3969.173,4.232207417958935,54.76729652601707
3970.0862,4.123534726997415,58.27805846125311
3971.0017,4.049927163758312,57.81331929889225
3971.9153,4.025309989171317,59.84485328532824
3972.829,4.052612343267318,65.86936185433876
3973.745,4.125021207427823,67.14821470326746
3974.6592,4.229860904309424,52.68442930680733
3975.576,4.354252369187129,50.753868696708466
3976.4905,4.484661011983209,44.492175173018126
3977.4075,4.610574814917592,47.81380354051729
3978.3225,4.724879903183369,40.025348983374386
3979.2375,4.828587932142074,49.23164902366719
3980.1553,4.928822735764489,36.736431933296736
3981.0708,5.032764166306056,43.1751694970792
3981.9888,5.1439162526374425,64.13883870274435
3982.905,5.258529315717794,33.48106687742538
3983.8232,5.371426521788247,36.13184931272126
3984.7397,5.479864913077393,28.158664845107264
3985.6565,5.587415003960425,35.50492914618381
3986.5757,5.699974447554738,31.93982503946124
3987.4927,5.819064982674082,34.497027050051976
3988.412,5.9411304554629965,26.326442053409554
3989.3298,6.058137848518622,25.36632861708308
3990.2498,6.1649292441689925,24.68021262961201
3991.1677,6.259662228793948,24.663303713152935
3992.0857,6.344174989075653,23.17951661272006
3993.0063,6.421371751368951,26.23675803514769
3993.925,6.4945418151490335,19.385125037565302
3994.846,6.569118130915659,20.44184859920156
3995.765,6.649987800059474,21.919496992385064
3996.6863,6.740097224519819,22.042608471671308
3997.6057,6.836837481499215,23.17614031876215
3998.5254,6.934184249470803,20.352101345800218
3999.4475,7.025345560304406,18.66144098119977
4000.3674,7.105919055075487,21.18865100394872
4001.29,7.177458831872579,19.97375092880718
4002.2104,7.244811426790381,19.727333976237745
4003.1333,7.314074824651163,17.364553146675085
4004.0544,7.38660827426946,21.038508992425996
4004.9753,7.457304662301769,17.964628705303934
4005.899,7.515979041910822,16.6327792888178
4006.8206,7.553218995576175,16.600242997937926
4007.7446,7.5684764300594995,16.016686363270548
4008.6665,7.571381140227195,17.955315438560465
4009.5908,7.576912963912122,14.572844421252993
4010.5132,7.596758304760059,16.57606789473817
4011.438,7.634468879350019,15.94197321189787
4012.3608,7.68607586456266,13.824864234509757
4013.284,7.744917554293314,15.303822047334927
4014.2095,7.804709732942742,16.910899019223336
4015.1328,7.860004770090196,15.072039289910059
4016.0588,7.907589331251014,14.717614795849732
4016.9827,7.946328557267512,12.71447056287971
4017.909,7.978665201960353,17.43539074641358
4018.8333,8.008432485195868,15.116462635226318
4019.7578,8.038837890013749,15.442811236511469
4020.6848,8.070599707131183,15.151543194442475
4021.6096,8.102152053542081,14.045504830098844
4022.537,8.131867501698668,14.043743103445433
4023.4624,8.159003507042469,11.43837905397084
4024.3901,8.185073607505892,13.562650979653048
4025.3162,8.212787885788874,13.792326745404932
4026.2422,8.24468111241127,15.260459067951626
4027.1704,8.280932137383617,12.759822082040463
4028.097,8.31844642075871,13.89632047110293
4029.026,8.353005879949599,15.575689849214339
4029.9526,8.381228194495705,12.558111353115526
4030.882,8.402417839304034,13.30324517237802
4031.8093,8.41698984246223,11.920496186392583
4032.7368,8.425416951636391,13.965601098721436
4033.6667,8.427964137317497,14.102638886477086
4034.5947,8.425942210140793,13.718796728097374
4035.5251,8.422570125188404,11.715286857015167
4036.4534,8.422578998729742,11.221608237995758
4037.3843,8.430501203479587,13.625883175427758
4038.313,8.44791401671816,12.266022369088054
4039.242,8.471384921000316,14.344181394503591
4040.1736,8.493352854876452,12.723218793152148
4041.103,8.506290568049932,13.965302813428634
4042.0347,8.507486298592973,16.931834510813054
4042.9646,8.499304108899405,13.25296450329441
4043.897,8.486050945980438,11.123068236205533
4044.8271,8.470882275560227,14.594680432939391
4045.7578,8.454665007764897,15.59939515765753
4046.6907,8.436569683980181,12.636403459934687
4047.6216,8.414792354613247,15.741101891630194
4048.555,8.38722056893749,12.362147574477262
4049.4863,8.353583573081359,15.054371655813698
4050.4202,8.31605456465501,13.837144469838895
4051.352,8.278590390019142,15.603876334766326
4052.284,8.243337894088016,13.888907861055973
4053.2185,8.209203616035062,12.837525951998376
4054.151,8.173662918314365,14.580144204769208
4055.0857,8.13517113730788,18.815087911928657
4056.0186,8.095379705978397,12.896581140892163
4056.9539,8.057318906180972,14.871061731457562
4057.8872,8.023813170815256,14.137191900085421
4058.8208,7.995070962685168,14.983499394699296
4059.7566,7.968392076613898,14.431950052715573
4060.6907,7.938743422455208,14.77593681350715
4061.627,7.899697760792923,16.093362767382523
4062.5613,7.846248009299389,13.127470296953712
4063.4983,7.7768472945523905,14.034861161441977
4064.433,7.696448470807096,14.914789014227782
4065.368,7.614410330995823,20.197497806167036
4066.3054,7.540586852879537,21.537499193681338
4067.241,7.480519257270888,15.258323537226406
4068.1787,7.431280285158233,18.193636992417403
4069.1147,7.384265578013802,20.50377025922342
4070.053,7.32956937565605,16.210635415316577
4070.9893,7.262450777671495,17.220571098726015
4071.9258,7.1845834313143815,22.45876026900514
4072.8647,7.101486774928929,21.254992256644456
4073.8018,7.018141736804963,19.80327352904372
4074.7412,6.934893142954739,21.364754916704527
4075.6787,6.850466152296433,20.80400516750441
4076.6184,6.763485783776526,19.63795593673971
4077.5562,6.675131110205437,23.856998659391394
4078.4944,6.586438916656814,28.370195404758768
4079.4348,6.497445074230122,23.787562448710084
4080.3733,6.407573814983638,25.734771724379666
4081.3142,6.314929513827437,22.966802314531638
4082.2532,6.2181312128150354,19.31256836409998
4083.1943,6.114459334737519,27.909669360193355
4084.1338,6.002300116600394,32.59318096673363
4085.0757,5.880932581849221,24.032600691525566
4086.0154,5.753486889207705,34.72800620908745
4086.9553,5.623971027163983,35.342296616698995
4087.8977,5.49600439338069,22.011263250320827
4088.8381,5.372079583555695,36.78394687337069
4089.781,5.251352308500836,42.94168100836556
4090.722,5.132659201045881,36.898714696369524
4091.6653,5.012914333142807,46.8659471131025
4092.6064,4.890095687001718,36.13547263178593
4093.548,4.762210842423494,44.905353682042005
4094.492,4.629081859156507,53.63287040422439
4095.4338,4.492615291853417,39.22658837439529
4096.3784,4.353163699167359,48.79658924733128
4097.321,4.211026260151926,76.71064792827846
4098.2656,4.064305104156248,54.290613781840655
4099.2085,3.914395618709846,58.425816120401755
4100.1514,3.76708444945275,65.38033656767163
4101.0967,3.635528847873991,62.51059489826274
4102.04,3.539534707988161,78.58114741977036
4102.9863,3.4974344297810016,87.50557865912823
4103.93,3.519568045876571,70.26905062823653
4104.8765,3.6018952170450835,78.07300923695038
4105.821,3.7264445772680803,89.24910894386743
4106.765,3.8693360397277203,68.03573358455057
4107.7124,4.010428144203213,57.0683174897966
4108.657,4.1390407254566,58.83271783005123
4109.6045,4.257156071536455,51.21788908837424
4110.5503,4.370565827527426,46.697497297100874
4111.498,4.483516390392126,41.40351020332343
4112.444,4.594361504712769,45.86451443694578
4113.39,4.700359205788027,43.26597800759281
4114.3384,4.800970107055736,51.37213666763482
4115.285,4.898501615540332,43.16519801880057
4116.234,4.997421467709605,35.116849979363856
4117.1807,5.100617020675288,41.36822723123499
4118.1304,5.209751036815962,34.131623350444414
4119.0776,5.322459812003029,30.508494807455346
4120.0254,5.4347412446208265,34.96729237338597
4120.975,5.54149834056329,27.55077064888158
4121.9233,5.6383513030132955,31.08270878610425
4122.874,5.724164514814463,30.581085356663312
4123.8223,5.799292438005519,24.13723294390688
4124.7734,5.866596468941888,26.465689614165203
4125.722,5.9293631763922425,28.6592558293159
4126.6714,5.992391208999283,23.885765382681516
4127.623,6.060362239780617,23.20261519320547
4128.5723,6.1355470092888105,27.52169880721731
4129.5244,6.217574527129289,24.81175635139429
4130.4746,6.302475769150126,23.393985101914797
4131.427,6.387031867549015,22.250000681092096
4132.3774,6.469597460975165,25.541413996860935
4133.328,6.550675176965642,23.766368250109622
4134.2812,6.630395075836648,23.03474358856539
4135.2324,6.706759984618801,19.49989192402419
4136.1855,6.777724177879549,21.130775005737856
4137.137,6.841505393185167,20.79764255545696
4138.0913,6.898882017127436,22.863589341226856
4139.0435,6.952943052897495,17.8470874879338
4139.9956,7.00977210968349,18.17630698405899
4140.95,7.075651610359705,21.724988865344358
4141.903,7.152158879360138,26.384720261119444
4142.858,7.234193949292202,16.680916966390605
4143.811,7.310276228431156,17.250218209358884
4144.7666,7.369918080206791,15.689884610900236
4145.72,7.408301488752842,17.434418091802208
4146.674,7.428980233812357,18.665446969224856
4147.63,7.440239350286457,18.200505679396013
4148.584,7.450400709645162,19.26633328037349
4149.5405,7.464991795266878,18.452354528180077
4150.495,7.486173240273436,17.256947263913283
4151.4526,7.513892582206574,19.19927886934503
4152.407,7.546010478387956,17.79864765323827
4153.363,7.5794940766540275,16.44159620506262
4154.3203,7.611396678775366,15.287386584696751
4155.2764,7.64009008164903,16.053274422409007
4156.2344,7.665464667097567,17.5132999006548
4157.1904,7.687362621381443,16.569989451761685
4158.149,7.705911804648167,16.236038536050362
4159.1055,7.722603109118762,15.189191113665437
4160.065,7.741331034101176,16.27310701628518
4161.022,7.765851882145917,16.187989166950313
4161.979,7.796631379421186,16.39519090066067
4162.939,7.829672045202518,15.970055850857456
4163.8965,7.859077147394714,13.619135759816313
4164.8564,7.88208423105348,17.06755904151115
4165.815,7.900464173262816,14.834272862095617
4166.7754,7.919116313165146,14.318738527883683
4167.734,7.942225493511424,15.788508432681894
4168.693,7.971297885332975,14.650406312163055
4169.654,8.00522093880496,18.0273798476812
4170.6133,8.041656097846605,16.05117456907904
4171.575,8.07901679469554,15.122374128065402
4172.5347,8.116509365998398,13.92038011660953
4173.497,8.154312877931742,16.45691600875643
4174.457,8.191233257732415,14.427565777189264
4175.4175,8.224173922569587,13.276935314998696
4176.38,8.248326743181513,13.666339834929067
4177.341,8.259991929307255,11.927171855732201
4178.304,8.260006043033233,14.444168297780223
4179.265,8.254279217583793,14.902261798716482
4180.229,8.250846971806318,13.325469376668158
4181.191,8.255320873137439,13.065821534599513
4182.153,8.268406815481313,13.35551427046623
4183.117,8.287612822233946,13.843554240367842
4184.0796,8.31051314893281,13.410746329195062
4185.0444,8.336491068764882,14.526644991784934
4186.007,8.364219291438802,14.25555018572867
4186.972,8.389405824151991,14.62527084462567
4187.9355,8.40493677148296,13.395989163491798
4188.899,8.40604901529158,11.894859275245295
4189.8647,8.39445185158044,14.505298886532055
4190.8286,8.378034085139202,15.812777503410585
4191.795,8.365388731751434,12.887069059154726
4192.7593,8.360758999365641,11.417566100432232
4193.726,8.36290347721562,15.184986106182667
4194.691,8.368194681231087,12.78127580527817
4195.656,8.373968331217782,13.955862696186243
4196.6235,8.379602628713524,12.987767203947287
4197.589,8.38554780737558,14.593213368307678
4198.557,8.392197067985233,12.54719232235474
4199.523,8.39919627847522,14.375623668636626
4200.491,8.405813562647582,13.105710459647339
4201.4575,8.411458225855942,13.516805294004538
4202.424,8.416258591582427,14.507013995601636
4203.393,8.420789298044495,15.261720256876464
4204.36,8.425321987535117,12.002617737090322
4205.3296,8.429553294034957,13.785747066570652
4206.297,8.432864895841124,13.679702106250229
4207.267,8.434870978860603,14.882593754467734
4208.235,8.435335325958546,13.110384623743842
4209.203,8.434078147125225,11.945045157720717
4210.174,8.4312288826694,12.058912350212944
4211.142,8.427640318628534,12.79138377312625
4212.1133,8.424511261971078,13.877138546307506
4213.082,8.422590635478176,14.290111594099542
4214.0537,8.421784515825944,14.109634570312508
4215.023,8.421720628361435,13.833104233247498
4215.9927,8.422128000653045,13.666515907395379
4216.965,8.42248019967039,14.275590157482318
4217.935,8.421684438236984,13.65514796027811
4218.9077,8.418790214623499,12.992592832460677
4219.8784,8.414071669982107,14.44978430490522
4220.8516,8.408892035857818,14.722101760097448
4221.8223,8.404356383364586,13.65924330669069
4222.7935,8.399796594415102,14.160888606526624
4223.7676,8.392493000750967,12.045073253898462
4224.7393,8.378679572610613,13.69254211185353
4225.7134,8.35529437571544,15.305132586397967
4226.6855,8.32264585666127,14.340873368616716
4227.66,8.285401113306836,13.249566738726596
4228.633,8.251714104705602,14.275537271243795
4229.6055,8.228131324498257,14.415343975723992
4230.5806,8.215169673731127,17.56439928518134
4231.554,8.206814486984221,14.623872238138063
4232.53,8.195328408205667,13.143443049480277
4233.5034,8.177871861318465,12.804167459158952
4234.48,8.158327735295936,15.037554082761243
4235.454,8.144016383313899,19.686546087900037
4236.4307,8.140113139021484,13.550002577638864
4237.4053,8.147368526587586,14.901030871067576
4238.38,8.162597274956584,13.95779081155699
4239.3574,8.18033004084786,14.281821534531142
4240.3325,8.19372349595456,14.393535174082459
4241.3105,8.196254005858163,13.273467366218457
4242.286,8.183728334629134,13.951091259652973
4243.264,8.156418026247826,14.883594814651666
4244.2407,8.119509311457179,15.260926335942223
4245.217,8.080575592890613,14.415623603114373
4246.196,8.046179925388088,13.36667636998647
4247.173,8.020144618386684,15.72960352036866
4248.152,8.00329950484957,14.916747011446253
4249.1294,7.995472409033988,14.025959551555083
4250.1094,7.995721561952421,14.450693959198103
4251.087,8.001664095295727,15.574169562809004
4252.065,8.009474069392132,15.154865019795967
4253.0454,8.015769933442245,15.29270522458072
4254.024,8.019532076526403,15.88414050567986
4255.005,8.02205129392707,15.602192763368922
4255.9834,8.024786456105717,15.74930555005685
4256.965,8.027333283412734,13.70207110257401
4257.9443,8.026520204472384,12.499555831367994
4258.924,8.017133009506448,17.039013529763448
4259.906,7.994013654214738,14.84144101352396
4260.8857,7.955403605812279,12.615256498361864
4261.8687,7.904587416117259,15.980831409355043
4262.849,7.849833098136898,15.287779845726297
4263.832,7.799893890340886,17.833175277623084
4264.813,7.76116863518829,16.701550075158885
4265.794,7.735031992416088,14.357021154496747
4266.778,7.718855154349819,15.485469762273251
4267.7593,7.7081670058891625,16.533757644530333
4268.743,7.698647849542832,15.084397720917627
4269.7256,7.687461359869007,15.71357538392802
4270.71,7.672311503735633,16.755330853410165
4271.6924,7.650127426346582,17.746418899595938
4272.6753,7.616806252644693,14.741738770163597
4273.6606,7.569611031134563,17.751326897241068
4274.6436,7.510735994887426,14.842237813245104
4275.6294,7.447382460185907,19.052030966591946
4276.613,7.390251938892269,18.00490136640601
4277.599,7.347060693016528,18.312406442155435
4278.583,7.3192237617237055,21.71098972692929
4279.5674,7.300591698371349,17.642385273717206
4280.554,7.2821550004462345,16.80112333027244
4281.539,7.25764954041682,20.646575373032103
4282.5264,7.226225084188373,18.971365349525843
4283.5117,7.1918251234580595,18.874931624414174
4284.499,7.159226335685064,18.262894278055782
4285.485,7.131304903087418,19.873354548972024
4286.4707,7.107355750773634,19.423031836374822
4287.459,7.084170921844566,19.988931827074598
4288.4453,7.058308452970262,20.3099919139597
4289.4346,7.0275715356413055,19.629604420811418
4290.4214,6.992110299478375,18.292780535966614
4291.4106,6.952888580484271,21.40620125682644
4292.398,6.911039943766891,19.69907113938131
4293.3853,6.866859954427547,18.933205650200332
4294.3755,6.8206724220415476,18.420307660124273
4295.3633,6.773919097910008,17.236953283536845
4296.3535,6.72786662952588,20.957576800927065
4297.3423,6.683388420989129,18.40114099248801
4298.333,6.639673020557548,25.103389570902507
4299.322,6.595403034986694,20.304489964516307
4300.311,6.548940097523041,21.028685966496962
4301.3027,6.498760651444872,23.381490324357742
4302.292,6.4435982372509235,22.48128219148797
4303.284,6.382083146387014,21.14155947933041
4304.2744,6.315284183728033,27.591723617680174
4305.2666,6.245997551790695,32.696508757417774
4306.2573,6.177717649912366,26.511985343399264
4307.2476,6.110672158906488,24.4996943022799
4308.241,6.041166999615455,30.17565711536902
4309.232,5.965498154355263,23.406011641505756
4310.226,5.882234357850271,24.251836338737597
4311.2173,5.795114441397768,32.170920223729446
4312.2114,5.708331713440131,28.67003407408888
4313.2036,5.625092197089774,24.793642935079284
4314.198,5.544524097344838,33.24163141165937
4315.1904,5.464129996016979,32.590415480462745
4316.1836,5.380314955422292,33.01529308090176
4317.1787,5.291286237578477,39.41348074712947
4318.172,5.198683664983654,33.844540621902965
4319.1675,5.106077764092948,39.28695760003343
4320.161,5.0182534912944625,34.78382697421961
4321.157,4.936596932710413,49.12275940911948
4322.1514,4.859234751862645,41.50442492337564
4323.146,4.78141521171631,40.331443160747895
4324.1426,4.699656235727602,40.75062482476824
4325.1377,4.614212571656919,47.57673257840797
4326.135,4.527051982691562,49.37641295761091
4327.13,4.440366111254229,49.67673303974176
4328.128,4.3536284424415435,44.755151390553124
4329.1235,4.2655637397187895,53.455998839629686
4330.1196,4.173534605001704,51.87713976588776
4331.118,4.0753559498707075,51.603880607291025
4332.1143,3.9712200446680144,56.25504568755623
4333.1133,3.862998027817055,65.23920146477468
4334.1104,3.755807582683661,62.07290451101793
4335.11,3.653400143207463,76.58241598512315
4336.107,3.5569040841804886,99.56019189140942
4337.1045,3.461730070606077,87.62607907837433
4338.1045,3.3612006312960143,82.8539580818341
4339.1025,3.2538088013038826,86.67255798160517
4340.103,3.1483727241709945,66.72841870387566
4341.1016,3.0660833701991983,157.77422179542145
4342.1025,3.0295915609662574,216.6107545482442
4343.1016,3.0506684076190815,99.89784393354539
4344.1006,3.1222057966649617,113.59751896978797
4345.1025,3.224148413443725,105.66767025126877
4346.102,3.334647202772705,91.27661477083535
4347.104,3.441139472397471,64.11070687411802
4348.104,3.538846366036476,80.68104074309691
4349.107,3.6284003333406747,61.37050320435933
4350.1074,3.7111854946790563,72.11622528628921
4351.108,3.7910216518067315,50.649268313510454
4352.1113,3.8731911141093125,52.904334485320916
4353.113,3.961295000447913,59.27810260383612
4354.1167,4.055801902793219,69.2988775936826
4355.118,4.152159309406176,62.876703614522604
4356.1226,4.245351191944324,66.87935236319358
4357.1245,4.331170466324163,47.52615822089644
4358.127,4.409108374645206,67.86792424891891
4359.132,4.480373809329883,42.19438206789707
4360.135,4.5465220215862745,45.50238610323462
4361.14,4.610820226407873,48.398732794876196
4362.1436,4.677487895032189,49.62917899334672
4363.1494,4.751044420442868,51.718260073793765
4364.153,4.831451210869122,44.567414741361546
4365.1567,4.913814120192089,35.95445438327705
4366.1636,4.9909372683039805,32.610367376493265
4367.168,5.058206440182852,41.08529838990666
4368.1753,5.117723030948753,33.1478956213395
4369.18,5.174951979685771,38.40506537024337
4370.1875,5.235930764157548,35.34711402430205
4371.193,5.303238457052443,36.96455707732099
4372.198,5.376610900269891,33.7188610153801
4373.2065,5.4540956667570555,30.695464443699045
4374.213,5.53284990087025,27.31972831981169
4375.221,5.610965262406847,32.797947796000805
4376.228,5.686179210973156,24.53170275231693
4377.237,5.757378226968714,25.764658047546085
4378.244,5.824225331111858,32.922552838502504
4379.2515,5.887407423591664,33.507234875214266
4380.261,5.946668071681235,24.209861967566848
4381.2686,6.000043877368647,24.49366916099926
4382.2793,6.04703478815036,21.21931349223815
4383.287,6.089658148002937,17.717809239351993
4384.298,6.132843791365772,26.11626708810109
4385.3066,6.179868888305419,23.90789273364106
4386.3154,6.2301187905794135,21.094195619028884
4387.3267,6.278957169480672,25.300363088424028
4388.336,6.320260710392501,29.13499602962661
4389.348,6.350775878984825,22.176580047161796
4390.358,6.371649520922567,24.026937245536452
4391.37,6.388370371396012,20.41749761295067
4392.3804,6.406505493008676,20.256583243111837
4393.3936,6.427685310795332,16.851036447239476
4394.4043,6.448090171391763,23.50198361245984
4395.415,6.46228077305436,19.582788854838284
4396.4287,6.4680979930739,22.00705978263418
4397.44,6.469046189553311,24.318261281969153
4398.454,6.472329757332162,24.17268686075196
4399.466,6.484340087949571,21.212756092458296
4400.4805,6.507546224203431,22.03311928916153
4401.4927,6.539813609327135,21.565108075090926
4402.5054,6.576346329831991,22.36850909627102
4403.5205,6.611460357231348,24.229237549600448
4404.5337,6.640194923650443,22.02385857553971
4405.5493,6.66067051528165,22.5083538787842
4406.5625,6.674964649646892,25.175102059094186
4407.5786,6.689316411786954,17.747896237500616
4408.593,6.711493598560618,23.165919154361966
4409.607,6.747246162944852,22.610569096576462
4410.624,6.796909139113906,25.295657387596112
4411.6387,6.854064266588115,22.620883708041774
4412.656,6.909417122989293,16.90386941722977
4413.671,6.954439111643393,19.14301110244669
4414.6885,6.98487498013883,19.258713899002846
4415.704,6.999242824180609,27.828799206270226
4416.72,6.997745628964671,20.51068120026371
4417.739,6.982377821527733,18.955322274324836
4418.755,6.958874395635803,19.512170911681476
4419.774,6.9357631666983535,23.257130983236273
4420.7905,6.920606056451162,15.27830404487327
4421.81,6.915402263330473,22.53122847443802
4422.827,6.91694789805264,24.34556652707654
4423.8447,6.920803726091788,26.04801197086253
4424.8647,6.925213255497209,18.760670168100944
4425.883,6.931346776581502,20.382126442634373
4426.9033,6.941022797173619,19.121907468508443
4427.922,6.954566780041749,19.162655780554662
4428.943,6.970868389058756,16.531747959515492
4429.962,6.988073743097222,17.44238395394523
4430.981,7.004217703371253,18.93375497104884
4432.0024,7.016805334989927,17.299530490504836
4433.022,7.022878346810727,18.628721244112796
4434.0444,7.020547278939428,18.123461642950762
4435.0645,7.010556303461899,20.58627902599685
4436.0874,6.996422183471697,20.333183596482936
4437.108,6.982875771237589,17.63285303527786
4438.1284,6.973418270612972,24.33620039417069
4439.152,6.969520860039315,20.98974519641475
4440.1733,6.971191014593261,23.513104600301144
4441.197,6.977640625150236,19.987484559813733
4442.2188,6.9871562238711045,18.18973181345173
4443.243,6.996977652805335,28.310559453917637
4444.265,7.004226886106329,19.530163673644335
4445.2876,7.00802977483953,20.547772226380438
4446.3125,7.010455032486137,17.850789869667864
4447.3354,7.015456393240085,20.666248574541545
4448.3613,7.026378326902708,15.972066915892677
4449.3843,7.043679050199749,23.8500161374768
4450.4106,7.0651689102889605,20.589335156121564
4451.434,7.087618907287002,22.496247953825844
4452.4585,7.109385912874575,19.518930904620515
4453.485,7.13066774385362,17.057787194403975
4454.51,7.152397668053335,17.64814710802019
4455.5366,7.1751663498937095,17.884877251566106
4456.5615,7.19829711663704,18.061602255195808
4457.5894,7.220055841260841,18.605750316148104
4458.6147,7.237222248737526,18.484245149582726
4459.6406,7.2461102490974065,17.86158207131848
4460.669,7.244238269766136,15.756842251069981
4461.6953,7.232699518644047,19.970080687043726
4462.724,7.2161815087491785,16.365878238072227
4463.7505,7.200209312269187,18.268499903842255
4464.78,7.187608637468967,16.951900469449615
4465.807,7.1783041241560035,18.27758861251681
4466.837,7.1709729767793835,20.69290476635616
4467.8643,7.16458163136794,18.270672382205603
4468.892,7.1577932130839335,16.665028491590284
4469.923,7.148385103649778,18.25725552234757
4470.951,7.134249783539066,19.005414662806253
4471.982,7.115147383953089,19.291810892750462
4473.0107,7.0939672484369725,19.576985324134146
4474.0425,7.07528516283918,19.52236235882083
4475.072,7.063028676321507,19.617732062346562
4476.101,7.057817384130761,18.474714794926374
4477.1333,7.057176501440345,20.878298395949717
4478.163,7.058007451206053,18.844051937445016
4479.196,7.059256528268384,21.366867203962546
4480.2266,7.061672083161962,19.506735933135733
4481.2593,7.064570089680133,17.094083616395235
4482.2905,7.063384489593533,16.87452721633071
4483.3213,7.051926024887631,18.36773265906837
4484.3555,7.027885258860159,16.393646917260863
4485.387,6.9966877924157345,20.87698435733133
4486.4214,6.968608062462307,20.758976701506164
4487.4536,6.95306733646865,20.26901792993362
4488.4883,6.953788407282282,21.952283498068372
4489.521,6.969022360730366,19.3033226147359
4490.5537,6.993950733604374,19.01064972260934
4491.589,7.022452381452894,17.90845847807446
4492.6226,7.0469208914396875,17.657707338959778
4493.658,7.059045675127943,14.251451770312553
4494.692,7.052274305581777,15.054739221703295
4495.7285,7.026155351575177,20.07338059225861
4496.7627,6.988763764336616,20.293423689270224
4497.7974,6.95335309971762,28.729282723583747
4498.8345,6.931358467518826,18.775837973109372
4499.8696,6.926021911512981,24.213483262756736
4500.907,6.931527775565711,20.71458868106005
4501.9424,6.938711931537286,17.258961033691012
4502.9805,6.941676488414833,19.363669168500167
4504.0166,6.939575657828622,20.116612968324443
4505.0527,6.9334106912836475,23.67982588201358
4506.0913,6.922445382957752,20.08836189495635
4507.128,6.904859893237534,20.902993570356315
4508.1675,6.881254410823275,21.800665187814218
4509.2046,6.857587099111489,24.566189692066686
4510.2446,6.843169183978185,24.821065375351168
4511.282,6.845729094927344,26.409900857446914
4512.32,6.865517156060184,24.70597796210124
4513.3604,6.893956181632811,29.25061277263099
4514.3984,6.91746144890091,16.048181956384866
4515.4395,6.925289065068557,18.33636400290091
4516.4785,6.914034075380816,17.697353690400178
4517.52,6.886457038103433,20.336167740898315
4518.559,6.845256296923613,23.287356393659362
4519.5986,6.784226104784514,22.061168617658787
4520.6406,6.679083938759144,18.906943353278407
4521.6807,6.480652323071237,26.175651432753067
4522.7236,6.115034182703317,20.74717560128653
4523.764,5.513532954844462,26.23062736109975
4524.807,4.651803390713406,22.51764858933967
4525.848,3.6014280461962387,19.908832009890595
4526.889,2.5122847669349526,964516259082294.5
4527.933,1.5534547551280682,964516259082294.5
4528.9746,0.8436128951136106,964516259082294.5
4530.019,0.3974835939720223,964516259082294.5
4531.061,0.16202493603066628,964516259082294.5
4532.106,0.0565878224328092,964516259082294.5
4533.149,0.016948716920860963,964516259082294.5
4534.1914,0.004336528873317599,964516259082294.5
4535.2373,0.0009403992179507463,964516259082294.5
4536.2803,0.0001741206395829186,964516259082294.5
4537.3267,2.7212725026178783e-05,964516259082294.5
4538.37,3.62692449462458e-06,964516259082294.5
4539.417,4.067121120590938e-07,964516259082294.5
4540.461,3.88643259850039e-08,964516259082294.5
4541.506,3.1376300727393647e-09,964516259082294.5
4542.5527,2.1316660082095055e-10,964516259082294.5
4543.598,1.2294837252647278e-11,964516259082294.5
4544.6455,5.960760837585895e-13,964516259082294.5
4545.691,2.3697645145985177e-14,964516259082294.5
4546.7393,5.666017349434493e-16,964516259082294.5
4547.785,-4.881498799310701e-16,964516259082294.5
4548.834,-9.450279433976794e-16,964516259082294.5
4549.8804,-2.0695021039896093e-16,964516259082294.5
4550.9272,-3.204776786780242e-16,964516259082294.5
4551.9766,-1.2561676518804713e-16,964516259082294.5
4553.024,-7.078412844329967e-16,964516259082294.5
4554.0737,-4.2838569574404486e-16,964516259082294.5
4555.1216,-6.01506223331249e-16,964516259082294.5
4556.172,-5.551115123125783e-16,964516259082294.5
4557.2197,-2.28681782501946e-16,964516259082294.5
4558.2686,2.769752891539666e-16,964516259082294.5
4559.3193,6.875105359728646e-16,964516259082294.5
4560.368,-7.215082547521064e-16,964516259082294.5
4561.42,3.642112971356784e-16,964516259082294.5
4562.469,-3.1675796907070767e-16,964516259082294.5
4563.5215,-6.610264302950673e-16,964516259082294.5
4564.5713,-3.4686843158538554e-16,964516259082294.5
4565.621,3.0425722119622626e-17,964516259082294.5
4566.6743,2.372749966505258e-16,964516259082294.5
4567.7246,-4.162025005542732e-16,964516259082294.5
4568.778,-6.230456196079392e-16,964516259082294.5
4569.829,-1.0400866835497409e-16,964516259082294.5
4570.883,-6.084430944671984e-16,964516259082294.5
4571.934,-6.661338147750939e-16,964516259082294.5
4572.9863,-3.4307959384490373e-16,964516259082294.5
4574.0405,-1.4052167399324656e-15,964516259082294.5
4575.093,-4.9052987975884e-16,964516259082294.5
4576.148,-7.797047624125922e-16,964516259082294.5
4577.2007,-5.327229589338698e-16,964516259082294.5
4578.256,-5.176361341773033e-16,964516259082294.5
4579.309,-1.1890709711003344e-16,964516259082294.5
4580.363,-4.830082135388681e-16,964516259082294.5
4581.419,3.0252399346285434e-16,964516259082294.5
4582.473,-8.674823022898194e-16,964516259082294.5
4583.53,-3.9195641588607876e-16,964516259082294.5
4584.584,2.220446049250313e-16,964516259082294.5
4585.641,3.291258759189006e-15,964516259082294.5
4586.6963,7.820667742722917e-14,964516259082294.5
4587.7515,1.712646303875631e-12,964516259082294.5
4588.809,3.1419118071249236e-11,964516259082294.5
4589.8647,4.832140014866124e-10,964516259082294.5
4590.9233,6.31411260627909e-09,964516259082294.5
4591.9795,6.92256117434453e-08,964516259082294.5
4593.0386,6.444342892563016e-07,964516259082294.5
4594.095,5.039680724261399e-06,964516259082294.5
4595.152,3.331318309056265e-05,964516259082294.5
4596.2114,0.000187040572915503,964516259082294.5
4597.269,0.000885677043967977,964516259082294.5
4598.329,0.0035637381790640634,964516259082294.5
4599.3867,0.012123391111046627,964516259082294.5
4600.4473,0.035155615872515304,964516259082294.5
4601.506,0.08670033634406517,964516259082294.5
4602.5645,0.18294462316494237,964516259082294.5
4603.6255,0.3326370042360547,964516259082294.5
4604.6846,0.5243379908861275,964516259082294.5
4605.7466,0.727188598157577,964516259082294.5
4606.806,0.9022564906529169,805.4486846065874
4607.8687,1.0278243820163517,1617.7845284503328
4608.9287,1.1064373702452301,997.511685888101
4609.989,1.1586155487913163,750.5726186113234
4611.052,1.2045357086716342,637.7847648273914
4612.113,1.2535243612139877,621.5202527965552
4613.1763,1.3051945899814212,519.8073985728577
4614.2373,1.3538608048100418,488.22174938464957
4615.3013,1.3934937463565817,448.46761486902113
4616.3633,1.4187161681349483,446.20651888722125
4617.4253,1.426847795082876,472.21051705256565
4618.4897,1.4187878744027995,446.8903941195806
4619.5522,1.3993675981851643,472.31955068903915
4620.6177,1.3755132984086054,502.569976236651
4621.6807,1.3538373914747952,578.6144301064545
4622.7466,1.3381679952526035,551.1704221335381
4623.8096,1.3295129797104581,614.5859410349447
4624.8735,1.3265981737679842,581.0050450630487
4625.94,1.327280739722484,527.601822431865
4627.0044,1.3294223590310301,499.955781687326
4628.0713,1.3315004607744163,512.7518219322264
4629.1357,1.3327805198343157,583.7520559119633
4630.203,1.3331750236337698,510.93328248769615
4631.2686,1.3329038740077357,574.0214092467694
4632.3364,1.3323292678677165,517.7536629266724
4633.4023,1.3319514158976589,554.6432690610446
4634.468,1.3323486353069536,671.1396489362979
4635.5366,1.333997344692086,508.3248822742154
4636.603,1.3370746250612244,609.3752852519708
4637.6724,1.341445521221085,547.7931780178031
4638.7393,1.3466162575562486,561.0111599269138
4639.809,1.3518748121900352,486.15733339989896
4640.8765,1.3563921152347336,546.7731802009057
4641.944,1.3596102840463766,577.034717505939
4643.014,1.3613952490901704,512.946543961827
4644.0825,1.3620478028941705,574.2977645942248
4645.1533,1.362227936076618,501.7531384479667
4646.222,1.3627657707692242,582.6269325430094
4647.2935,1.3644081157404355,492.79382078441444
4648.3623,1.3674959304282412,543.2578285356842
4649.4316,1.3717907251454176,524.5468859732323
4650.504,1.3764790576831603,521.0490788444247
4651.5737,1.3803528896439363,492.9792835486799
4652.6465,1.3823035301576296,428.1135144213559
4653.717,1.3817757004360152,484.9383598262901
4654.79,1.379144542602391,509.18768367812294
4655.861,1.3755786057595556,548.0909032609986
4656.9316,1.3723810687313198,538.9544623005289
4658.006,1.3703189496339083,506.5116445266667
4659.077,1.3693411546885237,557.9613261083996
4660.152,1.3687486670892646,464.76959887626106
4661.2236,1.3677519183916274,530.0621615202133
4662.2983,1.3659547811761892,477.3157171316681
4663.371,1.3635493848037168,558.1975029271108
4664.444,1.3610227348134198,543.6725178520797
4665.5195,1.358716763901268,494.60547684139755
4666.593,1.3566517339264788,510.91964729695485
4667.669,1.354693790133013,543.0854452066835
4668.7427,1.3529218653522126,528.1505424089197
4669.8193,1.3516213673814206,544.6004130882355
4670.8936,1.3510113046599055,527.9771955029845
4671.9683,1.3509624140591212,485.37870250170766
4673.0454,1.3511340641546752,541.175565778788
4674.1206,1.351309056176791,575.6010829769464
4675.198,1.3515197408419157,603.3563177867308
4676.274,1.3518134046334116,567.4537199054486
4677.352,1.3519886937322796,578.3838511791803
4678.428,1.3516316928353216,582.3700617671303
4679.5044,1.3504300529647002,515.2430729980114
4680.5835,1.3484292881569853,585.5291845954629
4681.66,1.3460415382246258,540.7332495620952
4682.7397,1.3437243856601915,521.4690978858532
4683.8174,1.341654443891882,552.2653838771785
4684.8975,1.339508568356932,532.8474831927801
4685.975,1.3367431440125714,659.1892063757541
4687.053,1.3331192218583758,479.97614019942614
4688.134,1.3290918039146251,543.7547308817285
4689.2124,1.325608964259916,568.6195937481376
4690.2935,1.3234174415220268,567.6596102333797
4691.3726,1.3226738956137818,544.2049156628242
4692.4546,1.3229921337176649,591.3454047519547
4693.534,1.323803392143703,512.9064031418578
4694.614,1.3245650767122557,543.2634770305726
4695.6963,1.3247589651261291,526.1144966375313
4696.7764,1.3239072849771816,500.62465825049384
4697.8594,1.321764557520934,489.07411092035693
4698.9404,1.3185780123733988,575.6549554387904
4700.024,1.315069050527093,553.336805245515
4701.105,1.3121550458001559,528.9274964822598
4702.1865,1.3104158487116955,604.0850113925047
4703.271,1.3098223050761248,579.129529740259
4704.353,1.3098050036602786,515.8708273819078
4705.4375,1.3096732891431713,500.427595382155
4706.52,1.3091170519923148,520.0749524362808
4707.6055,1.308399084524522,630.3843297008615
4708.6885,1.308102086898227,605.5319610211359
4709.772,1.3086346995190552,549.2767058765932
4710.858,1.3100062596094455,504.8383254469036
4711.9414,1.312027955588428,513.7494059308483
4713.0283,1.314699165703334,530.433981822195
4714.1123,1.3181330697675406,516.3940707285288
4715.199,1.322081399418868,559.3141773038179
4716.284,1.3253742491341953,569.1328180996032
4717.3716,1.3262451132513384,561.5114263270269
4718.457,1.3233388655972524,534.0378518630423
4719.5425,1.3166786308438856,558.6229785442596
4720.631,1.3075962512561057,612.1005511206852
4721.717,1.2979676012024057,679.1502391996444
4722.8057,1.2892103035797644,562.4453436314699
4723.892,1.2822110250251466,625.9133636821734
4724.9814,1.2773179551035612,606.8530560273065
4726.0684,1.2746007325850677,649.0289529529874
4727.1553,1.2737324902006961,639.46013627254
4728.2456,1.2740564054179895,574.7877534071663
4729.3335,1.274755244276498,628.5417763123144
4730.424,1.2751465431194715,547.7762305318817
4731.512,1.2748583672397646,544.1922417299953
4732.603,1.273784059150128,563.7122506360753
4733.692,1.2719032405384467,629.3472444466715
4734.781,1.2691740074419877,597.1999938878878
4735.8726,1.2656586814221082,597.3453719700274
4736.9624,1.2617916638946411,536.0914577062375
4738.0547,1.2583449609502781,658.7914626721223
4739.1445,1.2561327495566526,652.009865347787
4740.2373,1.255472723472061,527.2513272966708
4741.3276,1.2560182195906486,603.0080192394907
4742.4185,1.2569791547014253,579.5537395408778
4743.512,1.2575885597132375,590.1399348954238
4744.6035,1.2574225207884073,612.837882876643
4745.6973,1.2564420434053594,679.2309635460855
4746.789,1.254827762117825,614.4563931402752
4747.884,1.2527880623153633,597.8941081781437
4748.976,1.2505076718395374,535.8090486592356
4750.0684,1.2481184071868785,656.1336570435437
4751.164,1.2457323200874457,654.5253189325485
4752.257,1.2434797034310527,611.4778321315229
4753.3525,1.241460160577393,637.5054148927793
4754.4463,1.239755099364927,662.403976979618
4755.5425,1.23832250509353,702.8982434419612
4756.6367,1.2369687937589398,650.0874774318335
4757.731,1.2353357772524274,608.2169066800212
4758.828,1.2329845813944331,535.8531360121793
4759.923,1.22955609990093,681.0387727800015
4761.0205,1.224912502532684,611.8813751511374
4762.1157,1.219377382258267,647.7434757437958
4763.214,1.2136548397410634,620.542931325053
4764.3096,1.20866950612905,659.8252632755131
4765.406,1.2050518406025321,638.464573014976
4766.5044,1.202886466681445,706.0474890808421
4767.601,1.2016987867771611,698.4072924644184
4768.7,1.200705646765499,710.1180677404783
4769.7974,1.1992227782990614,682.8919634686563
4770.8975,1.1969230209898931,777.0721782362981
4771.995,1.1939248275258936,629.9941235076926
4773.093,1.190607619886921,645.4148254051315
4774.1934,1.187399002238375,711.3668827726383
4775.2915,1.1846390014021901,665.5519811024976
4776.3926,1.1824406891745796,788.399698864974
4777.4917,1.1806925071104135,686.1360773029708
4778.5933,1.1790532593808578,643.8206837925902
4779.6924,1.1771911978932548,666.8505464439481
4780.792,1.1750156738471327,723.9331419693638
4781.8945,1.1727045796519573,673.3029777893537
4782.9946,1.170419704125762,679.0611904409661
4784.0977,1.1679751673264438,748.7473292046027
4785.198,1.1649800942456157,730.6889687052081
4786.302,1.161200322085764,705.1647285670731
4787.403,1.1568762023690793,774.1986740118592
4788.504,1.1524396471134946,780.1204245548491
4789.6084,1.1480549937508966,730.4148046034759
4790.71,1.1434563518495584,752.2789023794166
4791.815,1.1381610908142432,765.4548057414913
4792.917,1.132074834486734,717.5618325017372
4794.0225,1.1255184791288992,784.8545456571038
4795.1255,1.119020517497975,808.9080643194033
4796.2285,1.1127623264458164,820.404665129123
4797.3345,1.106576926179362,728.9010192220424
4798.438,1.1003791062101753,690.7856535960966
4799.5444,1.0944339307478566,905.9593997551806
4800.649,1.089393176442005,744.8039296111377
4801.756,1.0856811265398891,922.3934605976276
4802.8604,1.0830981469410204,757.452052324191
4803.968,1.080775757452988,741.7402168409733
4805.073,1.077749938713807,830.7720574867285
4806.178,1.0734914527754857,859.5135822222014
4807.2866,1.068073557078454,766.9414163092117
4808.3926,1.0619855060731203,986.7316788621848
4809.5015,1.05565815298825,884.0490664547258
4810.608,1.0493606804462148,833.3290793271004
4811.7173,1.0430548782303892,843.2790352678844
4812.824,1.03659805638773,879.8549920216949
4813.931,1.0297845106142174,839.8624671331728
4815.0415,1.0225633425925544,901.4149065867033
4816.149,1.015206168516536,933.6310241104836
4817.26,1.008034391306154,995.6701557160742
4818.3677,1.0012898205162937,944.2701947584186
4819.479,0.9947544509491041,885.7223405935952
4820.588,0.9879687278943037,991.7114940972746
4821.697,0.9804456571148341,975.5416020137694
4822.8086,0.9720789914563924,1105.6189252233478
4823.918,0.963328054993293,944.4719157520994
4825.0303,0.9548191550344606,1194.5524280013317
4826.14,0.9470554997812274,1210.6604700150194
4827.2534,0.9399178686447421,1100.2360443636835
4828.364,0.9328341325464095,1035.6293337622767
4829.4746,0.9249785396918069,1006.8684396135977
4830.5884,0.9157964555972881,1186.7112601646297
4831.699,0.9053666231896738,1299.2718669335902
4832.8135,0.8941575295323121,1209.3683913403595
4833.9253,0.8828823041249577,1559.3417235866182
4835.04,0.871883566530173,1197.5718999480152
4836.1523,0.8612427920171384,1216.1821061345722
4837.265,0.8507832041338934,1380.161159250317
4838.3804,0.8403826487724212,1502.217017977603
4839.4937,0.8300261552759799,1272.8777603430185
4840.6094,0.8195180321606141,1394.0839082602674
4841.723,0.8086096166977629,1461.3651385635371
4842.8394,0.7970135416932708,1443.220903799485
4843.9536,0.7847963644349479,1470.128428522345
4845.068,0.7722290179406279,1459.5925348848461
4846.185,0.7596136928302396,1730.0568734500712
4847.3003,0.7471366628851974,1518.8860358015863
4848.418,0.7345787366200457,1787.342020413624
4849.533,0.7215915771002399,1930.381406030498
4850.6514,0.707632591958605,1714.4720374202698
4851.7676,0.6924032962994376,1859.3263554812809
4852.884,0.6758096917730863,2004.6832796427345
4854.0024,0.6580668110959579,2025.6620778278939
4855.119,0.6396699836528945,2343.040630270011
4856.239,0.6208540528081506,2428.503671309908
4857.356,0.6017126037606835,2536.121278495262
4858.476,0.5820119962754876,2602.038135261988
4859.5938,0.5622296857134805,3008.044016001427
4860.712,0.5440388461124381,2756.539407524238
4861.8325,0.5306090538964029,3355.167219501883
4862.951,0.5254477897317988,8469.999421703887
4864.0723,0.5302901371754623,4591.435327033128
4865.1914,0.543999787219032,2844.9253715120353
4866.3135,0.5633166523825573,2524.528299948523
4867.4326,0.5845001358301835,3245.4213377996793
4868.5527,0.6051637589284377,2641.497040224986
4869.6753,0.6243252771908911,2966.342444700041
4870.7954,0.6418020783553671,2359.82239939229
4871.919,0.6579336735877512,1924.3438877162234
4873.0396,0.6729709358623914,2513.9835043222824
4874.163,0.6873121371760846,1915.9835056044135
4875.2847,0.7010645341270504,2632.6022125697323
4876.4062,0.7142271809419577,1904.7202820417453
4877.531,0.7267405460978764,1951.7610802232732
4878.653,0.7386132735615382,2128.5534998119906
4879.778,0.7502207327935013,1767.2577322891937
4880.9004,0.7619033573012735,1538.9224436841532
4882.026,0.7738988967738217,1535.7929368548089
4883.149,0.7859700690400546,1509.1545611528466
4884.272,0.7977316736493719,1486.71533270587
4885.3984,0.808864148617153,1425.6319430747083
4886.5225,0.8192323707033909,1448.049605052799
4887.6494,0.8290844337056615,1455.2222269173867
4888.7734,0.8386435827504382,1426.322096767461
4889.901,0.8480785934196022,1297.5410025881156
4891.026,0.8571988489072182,1266.3308657059026
4892.154,0.8657657509031252,1270.1188895608052
4893.2793,0.8735497296940639,1214.9609570410873
4894.405,0.8806401725295726,1259.2671152912635
4895.5337,0.8873745809071266,1329.8008433168395
4896.6597,0.8941367405100218,1229.1785017756806
4897.789,0.901341154019219,1191.0057395433923
4898.9155,0.9091978009396092,1110.8720610870678
4900.0454,0.9178381574381164,1164.3611115717172
4901.1724,0.9270878600369883,1134.4876088813123
4902.3,0.9366395631226623,1020.2565117101967
4903.4307,0.946118792073868,1059.3780912922564
4904.5586,0.9551959466622075,1104.5815216803087
4905.6895,0.9638104955964683,1198.3728206122698
4906.818,0.9718689643978619,1030.8021399197683
4907.9497,0.9793290606666097,1048.6458887656777
4909.0786,0.9860821115142462,944.6944196777948
4910.208,0.9921662170202782,1061.0247097942563
4911.3403,0.9976378368472572,847.5933723961684
4912.47,1.0024439458126078,979.5904573584343
4913.603,1.0065196254360445,1033.7290505804388
4914.7334,1.0098368650566016,980.255418258105
4915.8667,1.0125662318571884,1021.5161558323974
4916.9976,1.0149352896160457,912.9291352061144
4918.1284,1.0171689436657338,896.3382639916365
4919.2627,1.019483254652383,979.445158459323
4920.3945,1.0221201380428364,924.8846783663912
4921.529,1.025314516071844,969.7010154602871
4922.661,1.029080950059506,940.8644297522823
4923.7964,1.0332154432359733,890.6362688239376
4924.929,1.0373784736227383,844.6974552358012
4926.062,1.0413763484165153,901.5462688605676
4927.1978,1.045249639246416,883.4357533901346
4928.3315,1.049186270123341,797.4852761684256
4929.468,1.0533800004885088,929.1753780057558
4930.602,1.0577477181710937,928.4542929605474
4931.739,1.0619191589263666,929.8413929559143
4932.8735,1.0653515683256154,843.652281339859
4934.0083,1.067767588218512,876.2246936312042
4935.146,1.069448692830287,869.8381121468692
4936.2812,1.0711601841468315,769.8278073162348
4937.4194,1.0736684593526218,775.8005595757523
4938.5557,1.0771416125990856,790.7836323303795
4939.6943,1.0810942713349436,832.6677308581138
4940.8306,1.084769912180806,844.6575225247589
4941.9673,1.0877196940956932,804.6586826235892
4943.107,1.0899166386175372,862.2967982927514
4944.244,1.09150680539354,760.6434333783756
4945.3843,1.0925751640477837,771.2954672762331
4946.522,1.0931362561108953,844.6877493671137
4947.6626,1.093382293692138,843.3112614755377
4948.801,1.0937504649159826,727.9290182589452
4949.9395,1.0946910466459707,862.1842578357468
4951.0806,1.096350371112037,796.4120775644506
4952.2197,1.0984878791815775,852.9201171394961
4953.362,1.1006989239392766,748.859572024347
4954.501,1.1026046423479283,870.9004194817242
4955.6436,1.1040102292677034,858.0042176163201
4956.7837,1.1049273864705396,832.1552709404427
4957.924,1.105606388174905,788.2889792472529
4959.0674,1.106387941166464,804.7388128855505
4960.208,1.1074796902837034,780.6498009102875
4961.352,1.1088768547571544,739.6357526590325
4962.493,1.110443276234455,717.5830233771917
4963.6377,1.1120957871805925,776.8167706088853
4964.7793,1.1138089290430135,709.045451764396
4965.9214,1.1155822507482416,806.3938825315329
4967.067,1.1173721868267097,770.7564233394188
4968.2095,1.119089605292988,755.2938075902792
4969.355,1.120679635741744,813.3829663666507
4970.498,1.122111223260476,746.8476224207315
4971.6445,1.1233839317841883,773.3511419509624
4972.788,1.1244670772656462,751.4522982006613
4973.932,1.1253554869116575,720.9005735024117
4975.079,1.1261377673037753,854.1814956798352
4976.2236,1.1270088215581777,757.5967092509023
4977.371,1.1281595018447594,732.6940175035453
4978.516,1.1295939929091288,769.6960493208073
4979.664,1.1311122163031795,831.016265528872
4980.8096,1.13241748329029,820.7753650191515
4981.9585,1.1333274360672398,799.4979582272397
4983.1045,1.1338309241214268,782.7471952065763
4984.251,1.1340411070644674,792.1778370251669
4985.4004,1.1340695487477048,712.73230093049
4986.547,1.1339717763988422,716.8514371071209
4987.697,1.1337500990195775,680.386652840748
4988.844,1.1333819675384151,722.3482237290845
4989.9946,1.1328662935838376,729.8667485493233
4991.1426,1.1322969985628657,777.5659491942013
4992.291,1.1318577303443036,790.0431715709507
4993.442,1.1317182929513079,876.1988417588348
4994.591,1.1319085660140553,628.0874144537348
4995.7427,1.1323030127305123,789.6275998458896
4996.892,1.1326961683031165,723.4150178587142
4998.044,1.1328678010989064,819.9443440856332
4999.194,1.1325994248551203,776.915976329305
5000.3438,1.1317477802009437,699.1333175502776
5001.497,1.1303713392184933,723.0995136797509
5002.6475,1.1288132292787552,799.6128023148124
5003.8013,1.127552352819865,738.7860728319008
5004.952,1.1269876527827591,778.5288168839145
5006.1064,1.1272336171316215,788.7924442221934
5007.2583,1.1281163718640574,767.2455346447343
5008.41,1.1292916243299673,684.7517050239443
5009.565,1.1304175523064792,728.2173380798399
5010.7173,1.1312811774152443,815.9368592627187
5011.873,1.1318467488725636,734.2385852220793
5013.026,1.1321591927436636,779.753190975705
5014.1816,1.1322720100868406,777.4313940264853
5015.3354,1.1322582206893288,764.2978099438926
5016.4893,1.1322987530997328,764.9518394182692
5017.646,1.1326856094700142,700.6337571967578
5018.8003,1.1336655579390968,716.9855855191735
5019.9575,1.1352512840712234,765.3661139218189
5021.1123,1.1371464455822657,840.7895293682659
5022.27,1.1389242922845388,683.8136660635732
5023.426,1.1402312732627398,783.8711369008726
5024.581,1.1409375178601477,746.5476236357092
5025.7397,1.1410709938563413,806.7224076837244
5026.896,1.140710452384987,697.1595180039312
5028.055,1.1399562454610557,764.1234571571381
5029.212,1.138950220279474,775.9626325825299
5030.3716,1.137804851453947,773.629897090497
5031.529,1.1365201446096969,827.9923372065966
5032.6865,1.1349899722036856,747.6055489315196
5033.847,1.133184583481642,834.8898597429621
5035.005,1.1312956601887298,713.8212141963807
5036.166,1.1296224867359408,803.255213275402
5037.3247,1.1283940441103215,758.085233382781
5038.4863,1.1276003409719983,839.3296314213359
5039.6455,1.1270620669832396,752.0601170320666
5040.8047,1.126561310453465,815.8590097367153
5041.967,1.1259506461411108,750.5515366879827
5043.127,1.1251809362767287,759.8144233323726
5044.29,1.124304084934867,698.0444295625011
5045.45,1.1234994022754077,705.5645732731705
5046.614,1.1229782571130802,785.637996408631
5047.775,1.1228078217362885,795.8895662870322
5048.936,1.1227831555919112,655.3923725442279
5050.1,1.122583380280326,819.2158423442645
5051.262,1.1220976389690165,770.6948267478983
5052.427,1.1215867273959785,744.2672920280683
5053.5894,1.1214825081176198,727.4344492210527
5054.7544,1.1219828788001598,776.5237604767395
5055.9175,1.1228355611909087,704.2341577734961
5057.0806,1.1235041234741603,724.4988983981518
5058.2466,1.123542196495246,803.0241861709673
5059.41,1.1228673514944958,803.2869455563566
5060.577,1.1217384920469202,817.9055530201957
5061.741,1.120539249498102,811.4924868562322
5062.908,1.1195816757523869,763.4810351501777
5064.073,1.1191740693160652,844.3037660214201
5065.238,1.1197441770952532,728.8609823161324
5066.4062,1.1217721041553048,708.6752629765042
5067.572,1.1253458642161163,733.9763066822064
5068.74,1.1297893319226653,773.3239281333663
5069.9062,1.1336760731741151,790.7407657625441
5071.075,1.1355827125611948,719.5064679034942
5072.2417,1.1348519519748979,786.5095038841131
5073.4116,1.1319112582133546,773.3499897271453
5074.5786,1.1278473604295982,708.2170219068961
5075.746,1.1236572470211426,714.8082082892046
5076.9165,1.1199154683864392,763.0636715577255
5078.0845,1.1169099293552984,810.6601833275288
5079.2554,1.1147966290703695,780.9308552842894
5080.424,1.1136373695439428,802.8672383746687
5081.5957,1.1132184851623261,688.8528996986901
5082.7646,1.1131121757883435,725.1733237314222
5083.9336,1.1129365029483407,792.4676228653901
5085.106,1.1125872015194125,762.6482444636705
5086.276,1.112189033624672,812.0423792489763
5087.4487,1.111845643149805,742.0770071632203
5088.619,1.1114672353691037,758.2715877773816
5089.7925,1.1107811438224098,755.6225874544415
5090.9634,1.109491567224184,820.0705282321336
5092.135,1.1074418440097813,739.2040825931889
5093.309,1.1047413946081397,869.0593315626712
5094.4805,1.1018134256446028,808.766852775373
5095.6553,1.0992108732189603,958.1007773212528
5096.8276,1.0974396118324383,815.2627003765183
5098.003,1.0967432221993336,821.2685004064209
5099.176,1.0971255305666605,759.2986635521754
5100.3486,1.0984135506619068,779.2677535518433
5101.525,1.100324263878522,820.154453677152
5102.6987,1.1024556370257599,886.8133592831517
5103.875,1.104375715518869,792.9191137063195
5105.0493,1.1057179180068972,790.3751001911444
5106.2266,1.1063357388963309,828.218172305692
5107.4014,1.1063184379390076,760.5084909170195
5108.576,1.105920778503233,758.8707257464268
5109.7544,1.1054156484539777,754.5558386931623
5110.9297,1.1049979653690107,781.569974556559
5112.1084,1.104750682744052,730.417814279766
5113.284,1.1046824770224415,818.6512428428507
5114.4634,1.1047426582534496,785.4170634323048
5115.64,1.1047994105746943,845.4037917480142
5116.817,1.1046199237697936,717.8311821875354
5117.9966,1.103938039137124,851.2834339422221
5119.1743,1.1026328288700762,775.6723585219074
5120.3545,1.1008704412247396,765.3945449596453
5121.5327,1.0990988766259708,769.8189659536218
5122.7134,1.0977947500916778,822.9747090796766
5123.892,1.097203766712613,772.4267830179065
5125.071,1.0972121127043402,814.6261271723752
5126.2524,1.0974978520319754,673.3589796014878
5127.432,1.0977586547055849,847.9401651258006
5128.6143,1.097806825560689,829.5918923404324
5129.794,1.0974670907401982,909.0812517725324
5130.977,1.0964875128414076,733.9010784742032
5132.157,1.0946701386077615,769.0442930675365
5133.338,1.0920970532490855,969.273168385359
5134.522,1.089232799318515,780.7003331648799
5135.703,1.0867901063029295,855.5275322179692
5136.887,1.0853650117413676,866.9314476054902
5138.069,1.085201705727605,931.0253676474747
5139.254,1.086063926750382,793.7447440702008
5140.436,1.0873759079943472,765.904060999026
5141.6187,1.0885641594827147,867.7472857188774
5142.804,1.0893665921525966,797.4604378772813
5143.9873,1.0899088160817347,742.4721071038375
5145.174,1.0905164640618328,763.7625361523958
5146.3574,1.0913931206191902,855.3926546363324
5147.544,1.0924534567047406,789.33100308916
5148.728,1.093376237828746,805.949723169766
5149.9126,1.0938693257787682,760.8888661632968
5151.1,1.093875142026846,808.5717047925818
5152.285,1.0935701832549654,868.701553096655
5153.473,1.0931420255118434,850.3020804096682
5154.6587,1.092564978781206,734.3076694678485
5155.8477,1.091574566287654,783.7310510440169
5157.0337,1.0898881703403827,782.918847696953
5158.2227,1.0874260447647173,874.8850423194108
5159.4097,1.0844351924051343,731.9673973602198
5160.596,1.0813556850453534,861.4521395069929
5161.786,1.0786236794720165,917.3721862115549
5162.9736,1.0765512761035285,890.6482332332014
5164.1646,1.0752617594575937,850.8252769349469
5165.3525,1.0747766163015786,859.3133795031557
5166.5435,1.07499568295659,849.0951914941443
5167.732,1.0756936769634053,807.4829370117882
5168.921,1.076596665163126,780.4292900687145
5170.113,1.0775478967510657,787.3336083334558
5171.3022,1.0785737072008095,803.503519626731
5172.4946,1.0797567110334934,787.6149793375589
5173.6846,1.08097714840561,770.6524249838573
5174.878,1.081844876014488,803.9687603536889
5176.0684,1.0818506161725308,813.066105294879
5177.259,1.0806840150453254,821.2200980847424
5178.4526,1.0784181402864703,844.43180825632
5179.644,1.075523510642387,837.8471845018111
5180.8384,1.0726376937260171,879.7321207930258
5182.0303,1.0703992949349337,890.0846395469084
5183.225,1.0692772595301645,887.7439628142222
5184.4175,1.06953157971621,865.7341414890656
5185.6104,1.0710898108980216,873.2663783287786
5186.806,1.07349860318961,900.8546623655021
5187.9995,1.076028454001888,818.2860419495548
5189.196,1.07805245892165,807.1481473452849
5190.3896,1.0793091184757517,898.4156369653263
5191.5864,1.079942278407091,954.0312358795112
5192.781,1.0802074958398753,896.0134820784397
5193.975,1.0802066621894182,796.4706002065136
5195.173,1.079821737874685,776.9838834738434
5196.368,1.0788716630729758,717.8879557459945
5197.5664,1.0772720172635475,780.9626304686459
5198.762,1.0750902281405308,824.9657074028046
5199.961,1.0724543153392867,857.5614540080223
5201.157,1.069560706134227,930.6099592866325
5202.3535,1.0666995245046456,750.2090183722405
5203.553,1.0643254008697955,963.8809655662559
5204.7505,1.0629458461494619,837.6379838064422
5205.9507,1.0627509936163009,988.5916177623487
5207.1484,1.0633859039733786,843.5728084477286
5208.349,1.064099362015189,777.2912723163389
5209.5474,1.064250100887513,778.1332552919904
5210.7456,1.0637293784244715,912.9891918436984
5211.9473,1.0629030336682206,849.3261167149162
5213.146,1.0622199036900795,866.6411035067946
5214.348,1.0618389427568378,890.7774416825781
5215.548,1.0615965079810552,784.6626962641835
5216.7505,1.0612111166423215,831.2994506845914
5217.9507,1.0605282142270707,859.505448075491
5219.151,1.0595862989514273,908.5460043724829
5220.3545,1.0585164761601533,880.8111896901432
5221.5557,1.0574277505721017,839.577890112272
5222.76,1.0563647855774405,929.6913460706194
5223.961,1.0553939137068733,839.6770371915817
5225.1655,1.054639993483082,867.9523129291725
5226.3677,1.0542851045683872,816.4670681911268
5227.5703,1.0544625667046759,850.0990401477393
5228.7754,1.0551550935916056,876.9534722698729
5229.9785,1.0561379468734546,834.3887099729628
5231.1846,1.05707760348741,889.8157617625553
5232.3877,1.0577089416010135,866.9524692257852
5233.594,1.0579924698473686,870.9578024765158
5234.7983,1.0580857675396653,871.5895754978441
5236.003,1.0582193368025485,882.4966333964215
5237.21,1.0585556522799726,959.2530812960899
5238.415,1.0590912607242002,844.4950756935775
5239.623,1.0596281389974518,841.9878022655676
5240.828,1.0598334049467577,787.3628592116754
5242.0366,1.0594041434714185,856.0936832531003
5243.2427,1.0582156528131152,801.0686402062296
5244.4487,1.0563657510516793,821.0043075476323
5245.658,1.0541206733934776,856.0389625500025
5246.865,1.0518603317027135,921.739382213709
5248.0747,1.0499733475099062,964.3289131893198
5249.282,1.0488419147759958,796.6046239543809
5250.4927,1.0487604784085638,1043.710211909407
5251.7007,1.0498218012105787,861.9649081173435
5252.9116,1.0517320944172466,910.3568355358088
5254.12,1.0537483541582742,817.839368013292
5255.3286,1.054982505949953,871.881696337691
5256.5405,1.0548554300072162,833.7856805571395
5257.75,1.053381736193582,868.7064732371821
5258.9624,1.051042159372525,877.282997532974
5260.1724,1.0484588637115237,844.0480776467944
5261.3853,1.0460851812788916,992.2555895729165
5262.5957,1.0441426620421508,827.4173220474526
5263.806,1.0425989568622862,911.670582591666
5265.02,1.041289281041883,802.3735100695834
5266.231,1.0400976528150994,854.6934270887223
5267.446,1.0390723620455495,913.2874551269832
5268.657,1.0384247748269477,977.170375342225
5269.872,1.038321884197055,818.6757083242711
5271.0845,1.03872848771406,906.811813822403
5272.2974,1.0393997865533968,912.3714332625275
5273.513,1.0400370970830257,831.1224703568367
5274.726,1.04045723783835,874.0986822112415
5275.9424,1.040682578575179,867.3404134679199
5277.1562,1.0408646163077095,926.7954992834116
5278.373,1.0411040434092769,987.7505452230741
5279.5874,1.0412838221606848,815.1997240121359
5280.802,1.041111262603339,819.1777964288367
5282.0195,1.040372998652632,808.3467836968645
5283.235,1.0392104816974495,802.6941469278694
5284.453,1.038106833039805,978.8513725018042
5285.669,1.0375728807699929,998.0681151008869
5286.8877,1.0377169146550036,903.0034793096262
5288.104,1.0381062879368315,835.8112864697679
5289.3203,1.0380408957454161,857.0097561768187
5290.54,1.0370345085503991,834.3607548997797
5291.7573,1.0351341251651385,894.4652723139393
5292.9775,1.0328101568257417,948.8877916040199
5294.1953,1.0306280766223117,885.9921306445605
5295.416,1.0289100181499449,766.0480294320911
5296.6343,1.0277037838889982,963.1046109447602
5297.8525,1.0268627921089042,859.0200870593671
5299.074,1.0261953907050252,896.3904489221264
5300.2935,1.025565894346465,940.496590977711
5301.5156,1.02494597621452,791.5715200427416
5302.7354,1.024431029793332,846.6843037754686
5303.958,1.0241426930049096,898.3748387910246
5305.178,1.0240950812984406,962.1681220620864
5306.3984,1.0241188113794766,850.3101130988526
5307.622,1.0239502906648048,918.4060884845949
5308.8433,1.0234074905499155,919.5906648568381
5310.0674,1.022501984811808,904.8965924885042
5311.289,1.0214477913972697,899.6629409367764
5312.5137,1.0205740866401294,892.8769971852654
5313.736,1.0202269653532963,984.6863565804725
5314.9585,1.0206044164039823,938.165379600659
5316.184,1.0216289491992037,962.4508472768101
5317.407,1.0229122572153528,942.5617450133731
5318.6333,1.0239365816744372,1009.7393618633868
5319.857,1.0243156952081385,846.5297623435995
5321.0835,1.0240025318892731,968.8286789507563
5322.3076,1.0232476805035349,906.5891084288486
5323.5317,1.0223962230242971,940.0786512159042
5324.76,1.021701979019768,1065.861630307326
5325.9844,1.0212679196501047,911.4364175790625
5327.213,1.0210693776175668,883.3183112917432
5328.438,1.0210567784812545,932.784193544484
5329.667,1.0212241342786952,827.368701917652
5330.893,1.0215815157604522,895.4481950880331
5332.119,1.02205081643012,922.711590246596
5333.349,1.0224321671713361,917.8894921635881
5334.5757,1.0225147965941461,981.8361521448545
5335.806,1.022218202414215,929.5969551562087
5337.0337,1.0215819659030383,823.5804743637723
5338.264,1.0206471600531968,849.7402304111878
5339.492,1.0194284737825494,885.563960706266
5340.7207,1.0179790975037677,822.3330473667673
5341.952,1.0164453243924332,921.4379451432515
5343.181,1.0150109720502911,898.8243761144046
5344.413,1.0137816900727596,1065.3836535166115
5345.6426,1.0127787329008473,910.9073737141548
5346.8755,1.0119104691043226,932.1144328530743
5348.1055,1.0109867820640477,1015.5155078279895
5349.339,1.00978489833109,894.7902790901595
5350.5693,1.0082678226751098,989.493004854802
5351.8003,1.0066895952590387,1029.6505717390773
5353.034,1.0054753594849295,1059.7683486797753
5354.2656,1.004925776275288,985.5715089613158
5355.5005,1.0050124828555165,930.8726988121388
5356.7324,1.0054555240396774,876.8369137982553
5357.968,1.0059177803175703,928.5689201323667
5359.2,1.0061458043749154,875.5663795963288
5360.433,1.0060414832281293,955.0836985741236
5361.6694,1.005670590368109,1044.505980848582
5362.903,1.00523598251553,917.1056019239458
5364.139,1.0049981332944449,982.2218480158149
5365.3735,1.0051951192209385,986.6127057721671
5366.611,1.0059364751110538,866.1080578662961
5367.845,1.0070861132042819,921.7515424679171
5369.08,1.0082510532762243,852.2367390675204
5370.3184,1.0089350769537881,912.4538206314718
5371.5537,1.0088148112558586,954.3906424790715
5372.7925,1.0079504097478154,977.9541058468376
5374.0283,1.0067621047431867,1029.515302265552
5375.2676,1.0057927642482434,970.906968597904
5376.504,1.005458988485237,986.5905442953583
5377.741,1.005846386129383,913.7673080544762
5378.981,1.0066490503163252,896.8810377419467
5380.2183,1.0072375969744327,996.4630004736108
5381.459,1.006956295904957,964.0675441338788
5382.6973,1.0055077810431783,906.1192181796235
5383.9385,1.0031142196097556,918.5624781126523
5385.177,1.0002575492879657,1069.9043509922976
5386.416,0.9970971939005002,909.6550479382058
5387.6577,0.9932054253139392,991.3772875958365
5388.8975,0.9879694030850964,974.0434478780218
5390.14,0.9814321169548272,985.0128450206914
5391.38,0.9749834417317708,781.936754060535
5392.623,0.9707768193449248,37543.882226544534
5393.864,0.9704732885825873,1095.9190861555728
5395.1045,0.9740760109701002,1030.9286121250818
5396.3486,0.9801081021176069,938.3395705916623
5397.5903,0.9865319150636741,1005.416534902761
5398.835,0.9917670766601414,902.4029277556729
5400.0767,0.994942614981745,905.5596503854559
5401.3223,0.9959573790526816,873.5438949845433
5402.5645,0.9952974952713088,1015.6351673123565
5403.8076,0.9938436310128013,1013.2754007836321
5405.0537,0.992471507226499,1016.8981710612255
5406.297,0.9916725016778799,1044.7360145102527
5407.544,0.9913732722494712,948.0482479846627
5408.7876,0.9911276487868371,1025.2176945979168
5410.035,0.9904796614426995,980.5360934031262
5411.28,0.9892960193217615,1062.8884566510876
5412.5244,0.987822693562552,1085.3840962310708
5413.7725,0.9864707122106816,941.0840048354421
5415.018,0.9855046393830396,1070.0359598859698
5416.2666,0.9848641897990611,933.9545608563907
5417.5127,0.9843434343194617,875.7375464308476
5418.7617,0.9838971613157966,1024.7884870398593
5420.0083,0.9837829219831601,1146.9698640945949
5421.2554,0.9843392534647069,1188.2108043353485
5422.5054,0.985626367889124,1054.723644056277
5423.753,0.9872301812451354,1078.5329403500048
5425.0034,0.9884511809266664,877.6822930794575
5426.2515,0.988684807036634,964.7021957612362
5427.503,0.9877831108311573,973.723511657052
5428.7515,0.9861117223649851,1031.966380868043
5430.0005,0.9842811310456374,1107.732376051377
5431.2524,0.9827723423372152,986.1265588383006
5432.502,0.9817080695340454,1145.5690133990952
5433.755,0.9808692386137807,1058.6865169674056
5435.005,0.9799503913003408,1090.137637771677
5436.258,0.9787711652156447,894.6529381250107
5437.509,0.9773829192459117,903.1131562518704
5438.76,0.9759980051054985,1077.9280528638308
5440.0137,0.974881971476056,1005.7479554752819
5441.265,0.9742648798616333,909.5988393407757
5442.52,0.9742490236440272,964.7360830440912
5443.772,0.9747350394410815,963.835900237274
5445.0273,0.9753805961848664,1048.4700905896
5446.28,0.9756998329661353,963.3646567069413
5447.5356,0.9753218561390804,980.2205489213
5448.789,0.9742198785066785,1028.576231142268
5450.0425,0.9727406356454626,957.6419944406766
5451.2993,0.9714105809854668,1033.6433449511396
5452.553,0.9706685249050578,1079.3003948351104
5453.8105,0.970640525778883,1073.736544015596
5455.0654,0.9711265533654974,1061.2178527697374
5456.323,0.9717377131854394,1018.1911084886893
5457.5786,0.9720984919769108,1022.3632851195335
5458.834,0.9720076353834064,1003.0356211196444
5460.093,0.971483502888661,1028.106168005453
5461.3486,0.9707522243178578,1034.9858259211558
5462.6084,0.9701791989478449,996.0998556180367
5463.8647,0.9701766724037716,1006.4708088868836
5465.125,0.9710353185742037,1007.2025553801259
5466.3823,0.9727497319212802,1065.5624253482806
5467.6396,0.9749558374819343,917.1345391523244
5468.9004,0.9770447490954731,916.7142975323413
5470.1587,0.9784046417494976,995.8980795044869
5471.42,0.9787217763215038,948.1416968873799
5472.6787,0.9780911776740921,871.6124558866198
5473.9404,0.976957172496493,964.7675787396233
5475.1997,0.9758899449367087,962.9436000455283
5476.4595,0.9752872965048105,1205.384801603327
5477.722,0.9752044630477765,987.8103975861701
5478.9824,0.975389923903397,977.7674492873534
5480.246,0.9755120128791562,1157.3501166754918
5481.507,0.9753843253018164,1099.4143534021314
5482.7705,0.9750265021021821,1069.8071640378982
5484.032,0.9745752283750512,1244.2131909214356
5485.2935,0.9741629767766388,996.6308001296433
5486.5586,0.9738370478737616,985.4207639308194
5487.821,0.9735138311309277,949.0749229686244
5489.086,0.9729765152760659,1256.264171327516
5490.349,0.9719785066625276,943.7753740489586
5491.6147,0.9703818561951394,1069.0105734768065
5492.8784,0.9682675937198535,1035.7345402138317
5494.142,0.965894696986587,1068.4131992443083
5495.4087,0.9635812939265931,1095.3786617575256
5496.673,0.9615667024340049,1130.6293866205199
5497.9404,0.959864601496723,1125.8323345807191
5499.2056,0.9583221910445976,1073.2361198571296
5500.4736,0.9567654546652624,993.6546316983788
5501.739,0.9552212733151687,1050.6113282188985
5503.0044,0.9539119910208104,1065.5503614567285
5504.2734,0.9530961701534076,1098.565160844176
5505.5396,0.9528659953446422,1005.8026321189723
5506.8096,0.9530717447465757,1094.7838311970893
5508.076,0.9534425069814901,1084.429532643745
5509.346,0.9537867361899252,1053.0319420860574
5510.614,0.9541077530469204,1104.013329694756
5511.8813,0.954553731534524,1156.2048707750714
5513.1523,0.9552574729393197,1116.4511228046758
5514.421,0.956225258750185,1028.4248635757162
5515.6924,0.9573461441648823,1077.684305130762
5516.9614,0.9584025695622768,982.0055948686213
5518.2334,0.9591272984240653,1142.3546413712722
5519.503,0.9593032582794361,1082.8139592441416
5520.7725,0.9589190644476637,925.8089851760936
5522.046,0.958162595705651,1020.6668552109563
5523.316,0.9572574494919581,1109.1451191687274
5524.59,0.9562850584358976,1044.3402470027677
5525.861,0.9552482218708236,1213.1841732303644
5527.135,0.9542238156931,1040.4968135013398
5528.4062,0.9534222028820174,1181.7442878497238
5529.678,0.9529770887469569,1089.8382806021802
5530.9536,0.9527336980124335,990.8724780041093
5532.2256,0.9522910801320079,1082.060686545924
5533.5015,0.9513236796495742,1064.3320404876106
5534.7744,0.9498957863738616,1114.16140553683
5536.051,0.9483990523582729,1046.2320180898191
5537.324,0.9472148049442695,1020.787118440934
5538.598,0.9463626105459022,973.3005495070005
5539.8755,0.9455280387975353,1163.1846545686565
5541.15,0.9443735383770356,1091.2436426547667
5542.4277,0.9428157745647754,1079.864685500709
5543.7026,0.9411039382755394,1175.968360342669
5544.981,0.9396539424987118,955.5913134511724
5546.257,0.938922140973724,1212.2946804093729
5547.5356,0.9392745678243413,1101.0185277607006
5548.8115,0.9408767749051817,1120.3442705568539
5550.0884,0.9435398646314931,1253.186073099801
5551.368,0.946634296087138,1099.951853655152
5552.645,0.9492174336057189,1058.9149604954357
5553.926,0.950489537458711,552.4051239641411
5555.203,0.9501729945051356,1075.072060742464
5556.4844,0.9486355671894419,1086.4780156838901
5557.7627,0.9465945134238662,1097.6531452468132
5559.041,0.9446801610989181,1118.705377042788
5560.323,0.9432380423680347,1004.4628122857434
5561.602,0.9424031995037707,1157.4060112090033
5562.885,0.9422155559975104,1151.376769455146
5564.1646,0.9426907130793307,1184.7450491769005
5565.4473,0.9437758405481483,1026.0550263070947
5566.728,0.9452954708378605,1213.9432555571173
5568.0083,0.9469381713464228,955.9443162024791
5569.2925,0.9482707456901512,984.5409782478199
5570.5737,0.948841330050736,1029.02776701867
5571.858,0.9484591558324257,1029.5177937911676
5573.14,0.9474208812557988,1009.9641223982014
5574.4253,0.9464420643492805,1178.6535031025692
5575.7075,0.9462137157395234,1146.7230589655708
5576.99,0.9468688861265544,1120.702004644643
5578.2764,0.9478483798721626,1060.2271585457563
5579.5596,0.9482232358402327,1044.2169058947984
5580.846,0.9472390567755102,1058.9917117505688
5582.13,0.9446821619690494,984.8119942270697
5583.417,0.9409042021526698,1032.8402732616016
5584.7017,0.9366610837803214,1057.7496505909278
5585.9863,0.9327500210966093,955.3948744075271
5587.2744,0.9297577330956568,1182.3910165975858
5588.56,0.9279281658600759,1173.6899066833346
5589.8486,0.9271019456370274,1073.5917334094404
5591.135,0.9268567281925308,1080.509992691779
5592.424,0.9266769714697991,1228.7773680241414
5593.7104,0.9261693561512252,1139.7894838408274
5594.997,0.925203171391766,1151.1036983839203
5596.2876,0.9239041011697632,983.667817763062
5597.5747,0.9224916074614359,1200.572009609401
5598.8657,0.9209972375324873,1161.881331106918
5600.154,0.9191675529744855,1119.9049776831876
5601.445,0.916505117731418,1102.8516856264994
5602.7334,0.9123061335453668,1047.3311747521564
5604.0225,0.9050082742696484,1229.241937520578
5605.315,0.890650695698633,1213.2462211252114
5606.6045,0.8614019113535668,1390.6256487800047
5607.897,0.8057916545273963,1308.3610725507394
5609.187,0.7143095892367005,1299.1142272530926
5610.4805,0.5863704601970147,796.7502746631363
5611.7715,0.4368856448010765,964516259082294.5
5613.0625,0.2902681046233392,964516259082294.5
5614.357,0.16939462335551828,964516259082294.5
5615.6484,0.08618056299238208,964516259082294.5
5616.9434,0.03781106267668119,964516259082294.5
5618.2354,0.014285464831495967,964516259082294.5
5619.531,0.004607506803853952,964516259082294.5
5620.8237,0.0012710713261912191,964516259082294.5
5622.1167,0.00029866319987342457,964516259082294.5
5623.413,5.942415731072445e-05,964516259082294.5
5624.707,1.006817130858924e-05,964516259082294.5
5626.004,1.440302486730789e-06,964516259082294.5
5627.2983,1.7530977891839123e-07,964516259082294.5
5628.5957,1.797663322770915e-08,964516259082294.5
5629.8906,1.5665120892217748e-09,964516259082294.5
5631.186,1.1547921885513603e-10,964516259082294.5
5632.4844,7.152022590245605e-12,964516259082294.5
5633.7803,3.752846712867955e-13,964516259082294.5
5635.079,1.6785892683314697e-14,964516259082294.5
5636.3755,8.881784197001252e-16,964516259082294.5
5637.6753,3.944548125307154e-16,964516259082294.5
5638.972,3.0514245425138403e-16,964516259082294.5
5640.2695,-1.3322676295501878e-15,964516259082294.5
5641.5703,-4.440892098500626e-16,964516259082294.5
5642.868,-5.780609237298557e-16,964516259082294.5
5644.1694,7.176019722652565e-16,964516259082294.5
5645.468,8.862889134320315e-16,964516259082294.5
5646.7695,4.440892098500626e-16,964516259082294.5
5648.0684,7.451201811415132e-16,964516259082294.5
5649.371,-3.713197460861174e-16,964516259082294.5
5650.6704,2.220446049250313e-15,964516259082294.5
5651.9707,3.343156664942155e-14,964516259082294.5
5653.274,6.873282097759975e-13,964516259082294.5
5654.574,1.2518187380639724e-11,964516259082294.5
5655.8784,1.9431254623142152e-10,964516259082294.5
5657.1797,2.5324067363193353e-09,964516259082294.5
5658.484,2.807312854712575e-08,964516259082294.5
5659.7856,2.6207795485967435e-07,964516259082294.5
5661.088,2.073151865468787e-06,964516259082294.5
5662.393,1.396255605499787e-05,964516259082294.5
5663.696,7.948192063618849e-05,964516259082294.5
5665.002,0.00038592073130837106,964516259082294.5
5666.305,0.0015890145938978347,964516259082294.5
5667.612,0.005597120427440262,964516259082294.5
5668.9155,0.0168075818037071,964516259082294.5
5670.2197,0.04332887597635148,964516259082294.5
5671.5273,0.09646088010680307,964516259082294.5
5672.832,0.1858371905457876,964516259082294.5
5674.14,0.31329731100530234,964516259082294.5
5675.4453,0.4658278439334207,964516259082294.5
5676.754,0.620365460104661,1228.1718231885156
5678.06,0.7515155332881047,1055.1888174510918
5679.366,0.8451467425950546,974.4959620848203
5680.676,0.901131150490513,1088.718518923674
5681.983,0.9287324359142674,973.5044279596574
5683.293,0.939855757858717,904.470800225047
5684.6006,0.9432903940706353,1039.5462772185333
5685.911,0.9437940560772259,1110.169775721377
5687.219,0.9431384985376214,1248.5113728434221
5688.528,0.9416838583654595,996.3614692439112
5689.8394,0.9394167002549013,1020.3676137505781
5691.1484,0.9364523715822426,1179.574831963998
5692.461,0.9330929984582323,1121.5331194977205
5693.7705,0.9297772454987334,1224.8052528572805
5695.0835,0.9268679497941321,1052.3669563785916
5696.3936,0.9245979761239824,1086.8113384722642
5697.704,0.9229824921415412,1166.3984210941212
5699.0176,0.9218920253750105,1156.6108787734152
5700.3286,0.9211484040484661,1107.3251368127355
5701.643,0.9206015909638877,1061.548708574819
5702.955,0.9201674013577233,1170.7592890112094
5704.27,0.9197693153594626,1219.0853274496658
5705.5825,0.9193056736687136,996.0498992409177
5706.895,0.9186908375571434,1045.2587064424097
5708.211,0.9179521089276813,1008.3655953852517
5709.524,0.9172486200849076,1102.2800501129648
5710.841,0.9167426823893605,1227.8099712394014
5712.1543,0.9164976949541968,1127.7830003208403
5713.4717,0.9164903303642773,1106.894464039793
5714.786,0.9167272597653056,1176.045137599383
5716.1006,0.9172940953540031,1081.184984137784
5717.419,0.9183148324029439,1161.1652792121579
5718.734,0.91987128979024,1162.0284552610474
5720.0527,0.9219565279481526,1069.3151370341989
5721.3687,0.9243410469115099,1114.7316799886844
5722.688,0.9265644658392171,1107.5891500901323
5724.0044,0.9280492083503893,1106.4151533526217
5725.3213,0.9284609334807126,1235.998425494011
5726.6416,0.9279042548847787,1136.87023057491
5727.959,0.9268467111143789,1128.3554791388945
5729.28,0.9258022185140912,1156.6262129613574
5730.5977,0.9251086272303138,1069.332281162311
5731.9194,0.9248851246972238,1172.826490480734
5733.238,0.9251298425017379,1148.8637558207383
5734.5566,0.9257640767633859,1104.3899583284647
5735.8794,0.9266412808157467,1010.5505452942979
5737.1987,0.9275576473255274,1169.7113596292716
5738.5215,0.9283212153953457,939.6893782443572
5739.842,0.928763098830071,1080.9869169158794
5741.1655,0.9287304485170454,1130.0632205859774
5742.4863,0.9280668706984927,1082.9660851739075
5743.807,0.9266757937864627,1150.1391402566396
5745.132,0.924638937050124,1164.5385035720878
5746.4536,0.9223059613868537,984.0369885360086
5747.7783,0.9201280176027261,1124.9309454139704
5749.1006,0.9184348548621003,1163.2680649619128
5750.427,0.9172542449471106,1043.9945087423241
5751.7495,0.916427867872446,1297.2188660089969
5753.0757,0.9157373317431261,1145.1590634499776
5754.3994,0.914945991450123,1317.4099726498805
5755.723,0.9137363456464667,1199.3532128555312
5757.0503,0.9117820882424402,1101.6224918284124
5758.3745,0.9089928029504944,1120.2397744263167
5759.7026,0.9056578738447632,1230.6726381358474
5761.0273,0.9024531265102269,1269.7546907423011
5762.356,0.9001069335804122,1351.615584283146
5763.6816,0.8991324373241428,1178.1173609295067
5765.008,0.8995560417368326,1200.8645450160743
5766.337,0.9009339875387565,1257.7493060928477
5767.6636,0.9025463774241602,1585.0839813823713
5768.9937,0.9037607089044414,1176.4419633614796
5770.321,0.9043009111157754,1116.3690658142789
5771.6514,0.9043465900431816,1020.910473266723
5772.979,0.9043402692628415,1293.027526211599
5774.307,0.9046585763752362,1130.47399061034
5775.6387,0.9053585120486246,1168.9214178059142
5776.9673,0.9061768388090387,1158.809600640092
5778.2993,0.906779926569168,1199.2977837461042
5779.629,0.906992077150141,1266.0340977323065
5780.9614,0.9068512774635217,1143.3047171969222
5782.2915,0.9064962628760878,1092.5573140872516
5783.6216,0.9060937889840671,1169.9400111823363
5784.9556,0.9058626738682874,1052.8160070880551
5786.286,0.906037077061592,1265.3849212510033
5787.6206,0.9066813917123988,1231.3357958024287
5788.952,0.9075762223911218,999.285178365215
5790.287,0.9084035587763467,1011.5343982710212
5791.619,0.9090057126255532,1126.5216289892273
5792.951,0.9094096825604158,1198.468801546245
5794.287,0.9095923584081375,1201.4891862624297
5795.62,0.9093900666589051,1130.5068345336301
5796.9565,0.9086815612696816,1396.9354446956877
5798.29,0.9075444280731092,1210.71484351128
5799.6274,0.906111199068557,1191.4035840929687
5800.9614,0.9043718699731756,1336.8768518021845
5802.296,0.9021735918275398,1119.5894092998162
5803.634,0.8994772554483762,1191.9154526636391
5804.969,0.8965121883825014,1329.922445373555
5806.3076,0.8935860426400211,1160.8889664125597
5807.6436,0.8909177302399934,1084.264233636553
5808.9824,0.8885874139325067,1207.5547412710264
5810.319,0.8867250014964424,1242.4292107830593
5811.656,0.8855145286247672,1220.3043042630093
5812.9956,0.8850649340269977,1482.9958475483465
5814.333,0.8852413876410106,1229.0693859198605
5815.674,0.8856623850726355,1243.1246605103984
5817.0117,0.885870254282713,1188.8843997659671
5818.353,0.8855602660133226,1151.9869153537977
5819.6914,0.8847292901952075,1253.3989432775793
5821.0303,0.8836502364725356,1194.740930113363
5822.3726,0.8826792996306092,1335.4994235593495
5823.712,0.8820491426734477,1197.3584690820983
5825.055,0.8818110960683511,1260.8433601956615
5826.395,0.8819746352744416,1357.459107416218
5827.739,0.8825783335621427,1174.4348979568426
5829.079,0.8835765870577449,1252.1805818800726
5830.4204,0.8847406188284322,1214.5943959155636
5831.7646,0.88578222281709,1324.695591048165
5833.1064,0.8866154699387973,1332.8449793654363
5834.4517,0.8874372426621119,1413.1404073966994
5835.7935,0.8884711465574837,1245.4020579447324
5837.1396,0.8897205000385041,1050.3424722244222
5838.4824,0.890939636077256,1350.6864685515961
5839.825,0.8918678772739561,1209.5158045332344
5841.172,0.8923782278114243,1165.6584743816434
5842.5156,0.8924459055068528,1168.8460663346116
5843.8633,0.8920283742703413,1231.2994907472512
5845.2075,0.8910238045354508,1235.834496910195
5846.555,0.8893784923141991,1119.9229426531217
5847.9004,0.8872752915304751,1211.8604838212298
5849.2456,0.8851537986546004,1272.1803478316338
5850.594,0.8835548227647121,1318.4465971738985
5851.9404,0.8828729782259712,1351.702305095377
5853.2896,0.8831685822071815,1373.0997305360138
5854.636,0.8841901678566638,1289.7393830017336
5855.9863,0.8854977048661626,1263.9202506836566
5857.3335,0.8865747305467978,1189.305842404569
5858.684,0.8869614487009488,1250.955866507453
5860.032,0.8863641353084429,1200.1192236238753
5861.38,0.8847772844829537,1322.4117890057357
5862.732,0.8824896040634652,1326.748745743713
5864.0806,0.8800026237352562,1374.5856270309066
5865.4326,0.8777832798846125,1223.7027525589574
5866.782,0.8761361405409157,1263.1413787518882
5868.135,0.8751066128184043,1183.4291694814383
5869.485,0.8745472279457756,1282.9952648833932
5870.835,0.8741849403073132,1273.7524302770178
5872.189,0.8737384972896932,1270.3401298069232
5873.54,0.8730535589037047,1370.4665360036763
5874.894,0.872205794840112,1293.4390247861452
5876.2456,0.8715135174848592,1127.40531437411
5877.6006,0.8713563684567103,1294.998266783718
5878.953,0.8718879664878332,1311.1711925823022
5880.305,0.8728094348837088,1220.9666462895987
5881.661,0.8734620959294411,1318.9671569317238
5883.0146,0.8732311797622416,985.4083199399523
5884.371,0.8719928610290464,1162.134852064733
5885.7246,0.8702065069255106,1282.1710741625416
5887.082,0.868576329932081,1301.2353771028418
5888.4365,0.8676590887877446,1491.1810676848481
5889.791,0.8676339111373053,1267.3150644898706
5891.149,0.8684093097906044,1232.8999667993075
5892.5044,0.8698755821649649,1253.200063174058
5893.8633,0.8722399516297301,1319.4058437520475
5895.219,0.8762192567309096,1189.4760867058012
5896.5786,0.8829245069137127,1389.7184603729013
5897.935,0.8928992747540533,1244.2579358500263
5899.292,0.9048060520424416,1289.3247455721582
5900.6523,0.9145663897363128,1235.7241571658003
5902.01,0.9165404071630415,990.443356446618
5903.3706,0.9069936652977906,904.9716432175253
5904.7285,0.8871976443911022,1481.6875956023996
5906.0903,0.8632718406509629,1474.189458789923
5907.4487,0.843230188608644,1502.8293743169568
5908.808,0.832617320684754,1758.2906777988599
5910.1704,0.8328825118013335,1207.1777972542397
5911.5303,0.8416514236839762,1689.6065858683708
5912.893,0.8543566130009237,1352.5827807207706
5914.2534,0.8660044030716328,1081.5449594919683
5915.617,0.8730902952909793,1085.8178575507752
5916.978,0.8745176775925168,1270.8312372074768
5918.3394,0.8715481011331364,1406.9940417716548
5919.704,0.8664799512581498,1536.3756494767053
5921.066,0.8613687666962324,1396.3847593871471
5922.431,0.8572763592964691,1348.9114892607136
5923.794,0.8544700725914137,1212.599534310236
5925.1597,0.8528111748041691,1403.8159081388078
5926.523,0.8521317267769534,1235.7963615727438
5927.886,0.8522315416763636,1354.3990076777127
5929.2534,0.8527695620815964,1359.747400893947
5930.617,0.8532700131216475,1346.3719901608542
5931.985,0.8534015487196595,1268.5869768335283
5933.3496,0.8532448043035863,1307.6786602306756
5934.718,0.8532387203926133,1515.6303345572796
5936.083,0.8537929450293302,1263.840716062621
5937.4487,0.8549350916102528,1227.7381088177658
5938.818,0.8562959160003905,1282.7846359158152
5940.184,0.8573630956093139,1227.3803528914766
5941.5537,0.8578036226140522,1403.6959282959308
5942.9204,0.8575992574400808,1308.6436182083962
5944.291,0.8570195946865808,1234.213847425368
5945.6587,0.8564416909173925,1451.6544908361982
5947.0264,0.8561148614689524,1230.2930307707347
5948.3975,0.8560601879959895,1317.3046127497337
5949.766,0.8561773521492272,1235.7747776773629
5951.138,0.8564322438190181,1308.8074607818874
5952.5073,0.8568824439325361,1358.7410664372694
5953.88,0.8575142150735858,1218.3152764642798
5955.2495,0.8581130632808175,1253.8367036381758
5956.6226,0.8583996173242434,1176.1177325799122
5957.993,0.8582682940672033,1293.3887219407886
5959.364,0.857861361425556,1196.5666848511823
5960.738,0.8573790897141961,1198.0358635451803
5962.1094,0.8568800310433878,1305.1635600230304
5963.484,0.8562647798237171,1253.6493873550148
5964.856,0.85542631981801,1471.6527862926043
5966.2314,0.8543535950125086,1302.8118294554206
5967.604,0.8531576402167511,1316.0784438471826
5968.9766,0.851996970099304,1454.2504490647066
5970.353,0.8509939683827162,1487.0334914253845
5971.7266,0.850159607187255,1271.2552423439292
5973.1035,0.8493625191602635,1256.5502060593917
5974.478,0.8484380120490361,1345.8345282020957
5975.8555,0.8473152605784052,1449.390342787067
5977.2305,0.8461080166015087,1429.6461764667836
5978.6055,0.8450339957917368,1454.0166671683605
5979.984,0.8442659179809783,1641.6159394450315
5981.36,0.8438365924574641,1222.9583888265786
5982.739,0.8436764856231127,1331.5834795374915
5984.115,0.8437574394692761,1305.4080511720754
5985.495,0.8441818706404361,1412.3346626730058
5986.872,0.8451496590975583,1342.953027294945
5988.2495,0.8467979839023771,1355.3621229427174
5989.6304,0.8489471234283313,1400.3441625348723
5991.0083,0.8509110903275869,1367.263914844611
5992.3896,0.851706865645369,1307.104777413881
5993.768,0.8505858529408709,1559.1539679244263
5995.1504,0.847589787962111,1370.8021684198675
5996.53,0.8436335812176348,1337.4369586881146
5997.909,0.8399784731230631,1555.5797927330573
5999.292,0.8376265853022232,1454.1990597931267
6000.6724,0.8369847580146043,1301.1978297574096
6002.056,0.837833604041782,1302.115034548113
6003.437,0.8395435422397143,1333.071727268076
6004.8213,0.8413594333511281,1368.5184306507376
6006.2026,0.8426501489503324,1437.0053872225938
6007.5845,0.8431352784459216,1424.5462044977548
6008.9697,0.842925737706183,1505.6987211921835
6010.352,0.842454663592266,1480.763956706583
6011.738,0.8422869400938868,1502.2463369138177
6013.121,0.8428582710624662,1404.4823033782143
6014.508,0.8442277701252623,1451.0099732017713
6015.891,0.846009894893822,1262.210878149344
6017.2754,0.8476185476665041,1228.7619585163986
6018.6626,0.8486017825134788,1511.8134514894202
6020.0474,0.8488555680880849,1309.5758853842422
6021.4355,0.8485698559179938,1331.5778559442297
6022.821,0.8479617987397509,1412.1100578928272
6024.2095,0.8470332133695064,1404.151833744484
6025.5957,0.8455770100726824,1131.1211654876759
6026.9814,0.8434178721737031,1314.922416171178
6028.3716,0.8406845648890254,1489.1512265621666
6029.7583,0.8378933300607617,1293.2957861063446
6031.149,0.8356958111430087,1288.668381413204
6032.536,0.8346561463112481,1361.5845220696563
6033.9272,0.8349841596080908,1364.3178591325564
6035.3154,0.8364104306570281,1338.2774822108538
6036.7036,0.8382115799980832,1238.5177930880166
6038.0957,0.8395078558655056,1285.835552964219
6039.485,0.8396852609225302,1419.768759248851
6040.8774,0.8386752321424498,1482.171295410339
6042.267,0.836842376849096,1401.956607067188
6043.6606,0.8346452592953796,1267.793056846688
6045.051,0.8324510295468842,1455.9214454422206
6046.4414,0.8305169107968351,1438.280588050227
6047.836,0.8291112289739994,1407.8232805692453
6049.227,0.828496999196319,1512.9932224609672
6050.622,0.8287539301187953,1380.9469022016128
6052.014,0.8296547932108833,1546.1277720556195
6053.4097,0.8306883707487098,1389.2469044036638
6054.8022,0.8312415411159969,1345.0293981802695
6056.1953,0.8308992974436711,1394.6980670096602
6057.592,0.8296773818979494,1339.77570650854
6058.9854,0.828089361927934,1444.7780510585442
6060.3823,0.8268778574782627,1306.5946576153374
6061.7764,0.8265723453714978,1393.961854329459
6063.1743,0.8270993276484997,1524.1305920209488
6064.5693,0.8278316963145307,1402.6886414155636
6065.968,0.8280855061933022,1206.970507943324
6067.3633,0.8276772311658217,1426.0475167109566
6068.759,0.8270852940327656,1549.9139632718386
6070.158,0.8270778263248362,1420.833498318142
6071.5547,0.8281484665283093,1533.4244550247922
6072.955,0.8301818780804637,1505.3965828152525
6074.352,0.8324917102284666,1395.257376571502
6075.753,0.8342074898950018,1320.6548853098436
6077.1504,0.8346697424114717,1231.2305125750872
6078.5483,0.83376011046425,1309.387965373385
6079.95,0.8318632383890391,1307.2126829462159
6081.349,0.8295817676319658,1454.8759306727725
6082.7515,0.8273270061239691,1462.829134093398
6084.1504,0.8252258113089378,1463.1837019370685
6085.5537,0.8232597251370309,1410.8014609015754
6086.9536,0.8215556882288062,1407.8369425263018
6088.354,0.8203595514956808,1464.0772081166251
6089.758,0.8198265812716274,1527.4858536105082
6091.1587,0.819818528075932,1452.473836997158
6092.5635,0.8199676155430933,1411.077994264991
6093.965,0.8199504838767876,1585.6826336274328
6095.37,0.8196858509694197,1373.5152524858072
6096.7725,0.8192953125134941,1645.8416249201518
6098.175,0.8188997522525541,1546.9937808657512
6099.581,0.8184444694526297,1360.1517143867827
6100.9844,0.8176722720568033,1391.6934749044817
6102.391,0.8162407991753434,1387.5592823725501
6103.795,0.8139658887564111,1333.3125167024468
6105.2026,0.8109912793584138,1416.2204442843592
6106.607,0.8078483744976844,1540.945680483867
6108.0117,0.8051861601816501,1718.2354224094222
6109.4204,0.8035027803229446,1587.2911895393088
6110.8257,0.8030073214784571,1493.1970998495242
6112.235,0.8036571045224354,1339.1990895764202
6113.641,0.8052627861170638,1488.6092063866845
6115.051,0.8074821473360047,1432.392898344039
6116.4575,0.8097697591446879,1461.9181912659458
6117.8647,0.811562571633043,1346.501024597939
6119.2754,0.8125618443987037,1505.7196228524315
6120.683,0.8128947599765387,1556.058855498564
6122.0947,0.8129452780686734,1640.2754968130735
6123.503,0.8129851420628983,1486.231623822239
6124.915,0.8130088236420501,1287.7221816370431
6126.324,0.8129003671356407,1638.7406125093053
6127.7334,0.8127133656022821,1573.114357643632
6129.1465,0.8127388890608789,1459.4670582342433
6130.5566,0.8132821247669935,1483.970310547686
6131.97,0.8143701865487524,1428.3292307476665
6133.381,0.8156620396648014,1390.4323469436504
6134.7954,0.8166663506759199,1323.130131359961
6136.2065,0.8170135182050609,1430.989358740769
6137.618,0.8166350530934146,1637.1242099765748
6139.0337,0.8157236203863388,1391.1604444925788
6140.446,0.8146081082640155,1315.6483215225612
6141.862,0.8135510121758188,1622.699420468655
6143.275,0.8126254383249402,1336.4205443108358
6144.6914,0.8117183604732541,1499.4240435601203
6146.105,0.8107411799369072,1341.1061986922598
6147.5186,0.8097628028700705,1242.937684253955
6148.9365,0.8089226056147776,1646.6900088239663
6150.351,0.8082210002529001,1351.0473532930582
6151.769,0.807461929803251,1461.4321189771765
6153.1846,0.8064833827603847,1381.5940417869153
6154.6035,0.8053574755493166,1619.9136789022132
6156.019,0.8043632416306362,1559.727674808516
6157.4355,0.8037253064752689,1392.1818604896223
6158.8555,0.8034508673182994,1424.9614384920847
6160.272,0.8033661975797485,1628.9258304089867
6161.693,0.8032766253632517,1437.1320528526408
6163.1104,0.8030833706291269,1595.3668783526416
6164.5312,0.8027729907955335,1389.7947297597461
6165.9497,0.802344974226965,1531.816846437512
6167.368,0.8017446566398184,1581.3316121163175
6168.79,0.8008564384541925,1411.610707095474
6170.2095,0.7995773788323836,1338.7943954535556
6171.6323,0.7979274448633968,1466.5638068003145
6173.052,0.7961742172634613,1542.036489674771
6174.4756,0.7947588335184219,1447.6841622606116
6175.896,0.7941087565361197,1400.548020106084
6177.32,0.7943767642485298,1511.7497911018304
6178.741,0.7954123010905864,1492.9240219325159
6180.1626,0.7969178828052161,1519.3266248206846
6181.5874,0.7986115598921303,1644.079048317118
6183.01,0.8002191207292743,1480.992217525449
6184.4355,0.8014396740182188,1512.1634856864737
6185.858,0.8019583495940202,1542.0623942531465
6187.2847,0.8015983972524828,1432.5214224053786
6188.708,0.8004072789886492,1405.9750779748144
6190.132,0.7986316960520009,1577.1162979531691
6191.559,0.7966215198844815,1431.7120850901906
6192.9834,0.7947485447134164,1517.47968263562
6194.4116,0.7933006399478713,1425.9469125244323
6195.8364,0.7924825320769424,1389.7801322065902
6197.265,0.7923990568273759,1517.6802436068017
6198.691,0.7930800183250946,1481.8085225184893
6200.117,0.7944480383922553,1518.6856287114754
6201.547,0.7962852074377205,1379.2537186842173
6202.973,0.7982042044009989,1393.4168278066347
6204.404,0.7997297806333457,1326.0138873210474
6205.831,0.8003908062018114,1432.8443271801805
6207.262,0.7999223997478605,1493.6939310184428
6208.69,0.7983677000033319,1604.3732078623489
6210.118,0.7960241557799032,1657.222961838158
6211.5503,0.7932578254008393,1493.5248908964654
6212.9795,0.7903788612760775,1628.6264794680824
6214.412,0.7875869303989848,1452.5383173070393
6215.842,0.7851068176195631,1641.9061246353224
6217.275,0.7831652747121383,1852.093056755273
6218.7056,0.7819142087186539,1650.7285863581733
6220.1357,0.7812438517238979,1800.804156058137
6221.5703,0.7807889652210526,1547.484142975343
6223.0015,0.780121249974376,1478.8141728387955
6224.4365,0.7789817473252307,1521.0046284825303
6225.8687,0.7774113079389203,1713.3230919680373
6227.304,0.7756752784075306,1707.2009412642906
6228.737,0.7741403543717045,1472.7068865619472
6230.1694,0.7730900376590122,1617.7192940896828
6231.6064,0.7726378209022916,1535.6676236974556
6233.04,0.7727365896949037,1471.8844508266686
6234.477,0.7732664989350109,1865.7069298747952
6235.9116,0.774101812695847,1631.1305803887017
6237.3496,0.7750844630034259,1888.104134475494
6238.784,0.775963474486813,1584.017084339914
6240.2197,0.7764835010572957,1677.6857039880883
6241.6587,0.7765510486956401,1492.6899164670633
6243.094,0.7763473872290056,1567.0753923151087
6244.534,0.7762434477150852,1599.2660312242242
6245.9707,0.7766017227138632,1663.194450229831
6247.411,0.7776328250066169,1712.5769110868855
6248.848,0.7793465912114403,1579.993089689266
6250.2856,0.7815679937196816,1577.5704444036894
6251.727,0.7839451713200047,1848.014596595244
6253.165,0.786005980091033,1594.2644320937727
6254.607,0.7873609342853171,1613.6678309017095
6256.046,0.7878289102285361,1554.1819326447078
6257.489,0.7875281276181751,1669.6487290062385
6258.928,0.7868181163093484,1499.8420190069385
6260.368,0.7861710108021313,1489.947716862568
6261.8115,0.7859816250889274,1704.3468486437068
6263.252,0.7863368886909112,1520.487813272047
6264.6963,0.7868836394766948,1636.1234088216615
6266.1377,0.7869731432027348,1378.571842477718
6267.5825,0.7860717674955078,1660.737112481617
6269.0244,0.7841127482827002,1658.6226059799246
6270.467,0.7814292710004856,1631.5740119143231
6271.9126,0.7783017402984592,1813.649376536633
6273.3555,0.7745881920470649,1553.3051500473475
6274.8022,0.7698353570309044,1624.8624260951979
6276.2456,0.7640613159682377,1531.2415377617665
6277.693,0.7582297285835616,1608.573506251955
6279.137,0.7540881380443845,2322.8332065964405
6280.5815,0.7530621764366343,2158.2958222394514
6282.03,0.7554139993531137,1849.3804663153899
6283.475,0.7600949515550592,1458.7405900754413
6284.924,0.7654296541562501,1753.0463878556218
6286.3696,0.7698556007201802,1849.4794563148794
6287.8193,0.7724943831387536,1665.9661813538069
6289.266,0.7731333138704028,1708.1241048082113
6290.7163,0.7720166741332876,1553.4951470248798
6292.1636,0.7695191651042842,1615.9932971818948
6293.611,0.7660093569608527,1419.6674772424667
6295.062,0.7619078893229715,1583.8539049563772
6296.5103,0.7577809280849152,1598.7302176629023
6297.9624,0.754185817027305,1733.9950543925293
6299.411,0.7516219790301621,1621.4901497121396
6300.864,0.7504115515320366,1941.953409318705
6302.3135,0.7506960551336987,1631.9735144000624
6303.763,0.7523075928990485,1946.3644479466484
6305.217,0.7547790691175847,1651.7983331871776
6306.6675,0.757508801468003,1454.972092439695
6308.1216,0.7600876521632413,1828.4430516788723
6309.5728,0.762391309116136,1778.3806159533267
6311.028,0.7645043630158024,1670.377158210851
6312.4795,0.766422813933449,1786.5225156066228
6313.9316,0.7679548445288874,1594.183084497174
6315.3877,0.768834418767654,1449.5965869045542
6316.8403,0.768998665845951,1655.881592606929
6318.2974,0.7687051604677393,1663.169898568888
6319.751,0.7683198566954451,1764.4940411939838
6321.208,0.7680116940650754,1349.293042444647
6322.662,0.7676621206401029,1701.5809299408152
6324.1167,0.7670266076748967,1535.4310328295794
6325.575,0.7659659317919307,1687.7050998815803
6327.0303,0.7645657063633123,1524.8904733661632
6328.4893,0.7630786366915213,1697.2511742960617
6329.9453,0.7618515574279248,1531.9165088378493
6331.405,0.7612054972507037,1526.7554028832403
6332.8613,0.7613548049500806,1896.77937861115
6334.3184,0.7622750507875549,1594.0446271829958
6335.779,0.7636224834049445,1545.86634375579
6337.2363,0.7647636886580249,2072.9609684272814
6338.6978,0.7650269408605241,1381.0076994690714
6340.156,0.7640158251431318,1799.140852331109
6341.618,0.7618207334849908,1528.8643281217235
6343.0767,0.7589917450176961,1622.2959079486468
6344.536,0.7562442374447051,1727.994132280114
6345.999,0.7542083763823264,1633.3295542428054
6347.459,0.7532606977227423,1668.4718273222352
6348.923,0.7534159775767,1712.0735766111657
6350.3833,0.7543426500713448,1586.9637372442276
6351.8477,0.7554916243440107,1629.761377373226
6353.309,0.7563295577763719,1693.7989284771352
6354.7705,0.7565767756562295,1536.333745870268
6356.236,0.7562514627900493,1898.0700712711582
6357.698,0.7555751240405147,1691.6004927907243
6359.164,0.7548148330313846,1855.0610166627478
6360.627,0.754168442624343,1721.9775843844789
6362.0938,0.7536750605901721,1686.1807971835665
6363.5576,0.7532223858562676,1735.4601787267595
6365.0215,0.7526506324620708,1606.775509601383
6366.4893,0.7519374443631082,1799.6268601312586
6367.9536,0.7512857658946691,1844.382803235484
6369.4224,0.7509607534707184,1941.9033963693544
6370.8877,0.7510259019968966,1731.4638000326463
6372.3564,0.7512242704555461,1768.5222456138144
6373.8228,0.7511700943142992,1671.2538432551914
6375.289,0.750663282594999,1739.501626791795
6376.759,0.7498232654992049,1513.0407412943298
6378.226,0.7489561374315312,1767.3627796905432
6379.697,0.7482770829748855,1569.2392144761168
6381.1646,0.7477717673071893,1726.4383258488092
6382.6357,0.7472588702549241,1885.4551122255343
6384.104,0.7466003266558962,1758.7019623349593
6385.5728,0.7458213398109648,1891.4257780801277
6387.0454,0.7450640626404591,1780.773750388772
6388.5146,0.7444456374228217,1705.5013332949209
6389.988,0.7439696214833307,1481.4396795209593
6391.458,0.7436199235961647,1785.3508266326132
6392.9316,0.7435014226782591,1717.777558575696
6394.4023,0.7438834160265475,1722.1996689712305
6395.8735,0.7450299263868444,1732.5058821266753
6397.348,0.7469263065043945,1631.8875140131079
6398.82,0.7490926192630981,1732.6844824477384
6400.2954,0.7507413019735498,1770.0610502252803
6401.768,0.7511438669819348,1621.0280259473511
6403.244,0.7500575285596889,1856.2942576382115
6404.7173,0.7478287580427401,1915.9873875145117
6406.1943,0.7451348255189317,1775.1249614893215
6407.668,0.7426503076669868,2029.413286841501
6409.142,0.740773573399569,1714.10642918005
6410.6196,0.7396199567587175,1826.3997907591727
6412.0947,0.7390791108319135,1908.4108149344436
6413.573,0.7388775834392702,1659.100268392798
6415.049,0.7386995680583139,1617.4886278434976
6416.528,0.7382947138969493,1776.3923662363661
6418.004,0.7375086126157872,2165.9296763753573
6419.4805,0.7362178079950294,1824.3245264120449
6420.961,0.734325127902361,1786.2006664451944
6422.438,0.7319075262494787,1698.4238269005193
6423.919,0.7292987569455142,1863.9937824077854
6425.397,0.7270490795284575,1700.6324200489328
6426.8784,0.7256126986945745,1773.9447633059892
6428.357,0.7251322240119839,1759.475507918552
6429.836,0.7253581972933464,1792.3283159796952
6431.3184,0.7258010919639436,1875.2028407189928
6432.798,0.7259387864520285,1801.9113863244625
6434.2812,0.7254219168557705,1914.379448089924
6435.7617,0.7242164177745519,1784.0115429210127
6437.2456,0.7226206761227209,1767.9121339116477
6438.7266,0.7211256241882341,1885.6787748585375
6440.208,0.7201104359955017,1851.0023865225278
6441.693,0.7196697655654213,1737.6190419287564
6443.175,0.7196841426994279,1812.8992132432788
6444.6606,0.7200291396548268,1797.7314385129016
6446.143,0.7206595165510428,1966.3590509167816
6447.6294,0.7215018018887072,1617.3121840718827
6449.113,0.7223518491871654,1886.394409943223
6450.5967,0.7230041969687439,2062.584325522954
6452.084,0.7234457996040605,1944.4551046892966
6453.5684,0.7238626892484802,1664.818195057591
6455.0566,0.7243910778773152,2029.8373713416295
6456.5415,0.7248327194708889,1889.9693274870222
6458.0303,0.7246705443788545,1712.3281992248951
6459.516,0.7234088697065,1664.4023827460846
6461.002,0.7209978686737455,1968.8020333380598
6462.4917,0.7179763645857536,1776.0802040813576
6463.9785,0.7152261061888201,1765.0653242058936
6465.469,0.7133842412063383,2054.345982696218
6466.9565,0.7124960045469809,1693.4509071683208
6468.4478,0.7120603674398112,1992.2369957549383
6469.936,0.7115137904243922,1872.608086384476
6471.4243,0.7106172272517994,2053.9313913726733
6472.9165,0.709455494192407,2013.9872131021564
6474.406,0.7081588575101583,1886.2961791649705
6475.8984,0.706682052481284,1723.7360399108775
6477.388,0.7049144071222202,1911.7693665021811
6478.882,0.7028716778215383,1996.499662483459
6480.3726,0.7007908127131813,1896.0792483309128
6481.8633,0.6989248686073519,1848.86824504406
6483.358,0.697331429375429,1796.1630040077555
6484.8496,0.6958239103627687,2068.7523729531104
6486.3447,0.6940813877571526,1925.6688390405334
6487.837,0.6918787422920937,2071.2126315031733
6489.333,0.6891696970031901,1822.4853981777057
6490.826,0.6860914608093481,2040.5518376135979
6492.3193,0.6827955696650382,2137.7512087975997
6493.8164,0.6793802350173425,1811.5042321396031
6495.31,0.6759667450431207,2345.875817783825
6496.808,0.6727337335570971,2260.0009071858244
6498.3027,0.6699808157366193,2110.1373695042967
6499.8013,0.6679109963452772,2071.167132423485
6501.2964,0.6664856056278441,1999.8314020433386
6502.792,0.6653242322923985,2039.6456250324431
6504.2915,0.6638929011317045,2258.823572878281
6505.7876,0.6618019841395361,2081.057595105836
6507.288,0.6589477336974925,2395.1773579991604
6508.785,0.6554863617578222,2322.4608246995704
6510.286,0.6515875098685939,2494.1620977772673
6511.7837,0.6474049655944748,2267.5355195283505
6513.2817,0.6430766451950861,2404.903513285052
6514.7837,0.6388477511016222,2328.476036929826
6516.282,0.6350531984501978,2731.6100710805326
6517.785,0.6318384464204201,2827.9226213230295
6519.284,0.6290456147939485,2691.5625085940046
6520.7876,0.6261819147360446,2507.560448179746
6522.2876,0.6227668445176766,2718.655903247798
6523.792,0.6185623581286094,2183.9607742666767
6525.2925,0.61372884995511,2291.335882840291
6526.794,0.6085937240457577,2893.4046495554553
6528.299,0.6034675567782601,2657.766433558235
6529.801,0.5985217117535067,2923.354510235129
6531.306,0.5936885926999805,2957.9928764411948
6532.809,0.5888062480672774,2673.1204869509443
6534.3154,0.5836374638677259,2872.8757889434987
6535.8184,0.5780409742889101,2750.9857478259155
6537.3223,0.5719442008639742,3099.467484889724
6538.8296,0.565394170453201,2753.2404303852913
6540.334,0.5585520780655985,3092.5124478310927
6541.8423,0.551522236629689,3074.1503004096217
6543.347,0.5444253726691892,3606.813533970627
6544.856,0.5372750773993852,4342.364316387841
6546.3613,0.5301398174485703,3578.0102958274974
6547.8677,0.5229890949473077,3756.139605066489
6549.3774,0.5157040789336377,3491.0225907125405
6550.8843,0.508124455435145,3704.81665828625
6552.3945,0.5000170548389153,4165.613260619939
6553.902,0.4912223549930803,4091.52552763897
6555.4136,0.48141112167370337,3755.497535498497
6556.9214,0.4701741040428153,4232.54113511405
6558.4297,0.4570016869267325,5337.833335748755
6559.9424,0.4418939197578952,4929.3146462931445
6561.451,0.42623065248606884,5031.789333828978
6562.9644,0.41274411815225676,5564.286725933941
6564.474,0.404952482881656,9994.941167102137
6565.988,0.4051340709154363,5899.570424097964
6567.4985,0.4130717316897635,5574.537850767216
6569.0093,0.4262176540404666,4434.38575497935
6570.524,0.44134425882853895,5236.645676897463
6572.0356,0.4559803634332048,4936.024219647195
6573.5513,0.46918789101107483,4282.928857783578
6575.0635,0.4808466037456243,4351.531360950272
6576.5796,0.49122780410115796,3051.0103831059873
6578.0923,0.5004550973778049,3505.719165353707
6579.606,0.5087589004896744,3706.9791164418793
6581.123,0.5164999167893783,3909.02597804558
6582.637,0.5240633110733393,3490.391612729778
6584.155,0.5317069783093402,3495.4716974992616
6585.6694,0.5392518403545973,3024.434072414601
6587.1885,0.5463339614810566,3048.9264453092364
6588.7036,0.5526184000975662,2948.414020387026
6590.219,0.5581912733125103,3031.335802496405
6591.7393,0.5634030313591728,3674.07220007021
6593.2554,0.5685185145719849,3236.3300594387897
6594.776,0.5736190804471031,2844.857730173442
6596.293,0.5786021471828271,3182.0056565839664
6597.814,0.5835153188638071,2672.447728153301
6599.332,0.5884923167995633,2810.850029964802
6600.85,0.5936053953608429,2610.1232247788594
6602.372,0.598619780968223,2986.626711610182
6603.891,0.6030233841876184,2915.1467718342337
6605.414,0.6064332590077031,2489.040931499954
6606.9336,0.6088173142113977,2630.4875722057677
6608.457,0.6105889537221891,2563.0992463272523
6609.977,0.6123468251301982,2410.2739995313214
6611.498,0.6146230430772024,2511.7672863935363
6613.0225,0.6176187539524713,2525.0052260002885
6614.544,0.6210468503333859,2648.0096350659305
6616.0693,0.6242667801678359,2313.729337744905
6617.5913,0.626583423118932,2438.6922358880456
6619.117,0.6277267326221564,2474.519859091042
6620.6396,0.6279943581391331,2165.6048829716824
6622.163,0.6280884110380492,2557.276270930612
6623.69,0.6287175008737074,2908.995336740955
6625.214,0.6302825038195082,2612.5397651497387
6626.7417,0.6327890631928771,2542.965227568381
6628.266,0.6359331075875364,2584.025054709571
6629.7944,0.6395485287236211,2475.1556838921856
6631.32,0.6446165793456281,2587.8798000597903
6632.845,0.6560402665410949,2570.2122732818616
6634.3745,0.6888733081737292,2074.841861955717
